#PP 2.0

DENV4_JN819409.1:30-88 AGUCAGGCCACUUGUGCCACGGUUUGAGCAAACCGUGCUGCCUGUAGCUCCGCCAACA
#S                     ...(((((((....)).(((((..........)))))..)))))..............

#END

#SECTION BASEPAIRS

#BPCUT 0.001

25 31 0.004394
25 30 0.7497
24 31 0.9519
23 32 0.9955
22 33 1
21 34 1
19 36 0.999
9 16 0.03962
1 49 0.4502
48 52 0.06554
24 32 0.00221
18 37 0.9914
2 45 0.03102
8 40 0.9969
47 53 0.06619
2 48 0.5945
7 41 0.9999
2 53 0.007144
3 47 0.5478
10 15 0.0279
3 52 0.007095
3 56 0.005879
4 44 0.9834
2 57 0.006044
5 43 0.9986
20 35 0.9999
6 42 0.9999

#END
