#PP 2.0

DENV4_FJ196850.1:30-88 AGUCAGGCCACUUGUGCCACGGCUGGAGCAAACCGUGCUGCCUGUAGCUCCGCCAAUA
#S                     ...(((((((....)).(((((..........)))))..)))))..............

#END

#SECTION BASEPAIRS

#BPCUT 0.001

24 30 0.189
23 28 0.008372
22 33 0.9941
21 34 0.9998
19 36 0.9989
48 52 0.06529
18 37 0.9913
2 45 0.0312
8 40 0.9969
47 53 0.06594
2 48 0.5976
7 41 0.9999
2 53 0.007181
25 29 0.1946
3 47 0.5506
1 49 0.4526
9 16 0.03962
10 15 0.0279
3 52 0.007131
4 44 0.9834
5 43 0.9986
20 35 0.9999
6 42 0.9999

#END
