#PP 2.0

DENV4_OQ427025.1:32-88 AGUCAGGCCACUUGUGCCACGGCUUGAGCAAACCGUGCUGCCUGUAGCUCCGCCAG--
#S                     ...(((((((....)).(((((..........)))))..)))))..............

#END

#SECTION BASEPAIRS

#BPCUT 0.001

25 31 0.5289
49 55 0.006755
25 30 0.1835
24 31 0.2115
23 28 0.002444
22 33 0.9977
21 34 0.9999
19 36 0.9989
48 52 0.06452
24 32 0.5256
18 37 0.9914
2 45 0.03157
8 40 0.9969
47 53 0.06516
2 48 0.5939
7 41 0.9999
2 53 0.007136
48 56 0.007217
3 47 0.5472
1 49 0.4497
9 16 0.03962
10 15 0.0279
3 52 0.007087
4 44 0.9834
5 43 0.9986
20 35 0.9999
6 42 0.9999

#END
