#PP 2.0

DENV4_KX224312.2:32-90 AGUCAGGCCACUUGUGCCACGGCUUGAGCAAACCGUGCUGCCUGUAGCUCCGCCAAUG
#S                     ...(((((((....)).(((((..........)))))..)))))..............

#END

#SECTION BASEPAIRS

#BPCUT 0.001

51 58 0.004614
25 31 0.5289
25 30 0.1835
24 31 0.2115
23 28 0.002444
22 33 0.9977
21 34 0.9999
19 36 0.9989
48 52 0.06491
24 32 0.5256
18 37 0.9914
2 45 0.03119
8 40 0.9969
47 53 0.06556
2 48 0.598
7 41 0.9999
2 53 0.007149
3 47 0.551
52 57 0.002135
1 49 0.4529
9 16 0.03962
10 15 0.0279
3 52 0.0071
4 44 0.9834
5 43 0.9986
20 35 0.9999
6 42 0.9999

#END
