#PP 2.0

IGUV_AY632538.4:30-86 UGUCAGGCCGGAAACGCCACCGGAUGGUCGUAAACGGUGCGGCCUGUGACGACCCC
#S                    ...(((((((....)).(((((............)))))..)))))..........

#END

#SECTION BASEPAIRS

#BPCUT 0.001

25 32 0.7278
24 31 0.003593
24 28 0.001215
22 35 0.9989
21 36 1
1 48 0.01872
3 49 0.5198
23 29 0.001604
1 51 0.3446
18 39 0.9836
2 47 0.0357
8 42 0.9956
2 50 0.5921
2 53 0.009933
10 15 0.769
3 52 0.009912
26 31 0.6873
20 37 1
6 44 0.9999
7 43 0.9999
4 46 0.984
25 30 0.003646
19 38 0.9981
5 45 0.9986
9 16 0.7196

#END
