#PP 2.0

KOKV_OL347997.1:34-88 AGUCAGGCCUGAAAAGCCACCUGAUCCGGUGAAGGUGCUGCCUGCAUCCGGCCU
#S                    ...(((((((....)).(((((..........)))))..)))))..........

#END

#SECTION BASEPAIRS

#BPCUT 0.001

45 51 0.0013
25 32 0.1317
25 29 0.02962
26 31 0.1392
24 30 0.03256
22 33 0.9755
21 34 0.9999
19 36 0.9987
23 30 0.001631
3 51 0.01061
2 45 0.6014
8 40 0.9962
18 37 0.9894
2 47 0.1408
4 44 0.9934
2 52 0.01062
9 16 0.2192
3 46 0.152
20 35 0.9999
6 42 0.9999
5 43 0.9989
7 41 0.9999
10 15 0.22

#END
