#PP 2.0

TMUV_OL677430.1:96-155 AGUCAGGCCAGGGAAUCCCUGCCACCGGAUGUUGGAUGACGGUGCUGUMUGCGUUCCA
#S                     ...((((((((((...))))).(((((............)))))..))))).......

#END

#SECTION BASEPAIRS

#BPCUT 0.001

33 38 0.001345
31 37 0.03229
29 37 0.2034
32 36 0.0287
27 40 0.9964
26 41 0.9999
24 43 0.9978
23 44 0.9812
30 38 0.01788
1 55 0.001683
25 42 1
2 52 0.4394
32 39 0.0015
2 54 0.00259
5 50 0.6417
13 17 0.9678
3 53 0.003215
4 51 0.6387
12 18 0.9999
6 49 0.6235
9 21 0.9812
11 19 0.9999
7 48 0.6332
30 36 0.2256
8 47 0.6328
10 20 0.9977

#END
