#PP 2.0

UGSV_AY326410.1:47-104 AGUCAGGCCGCCAAGUGCUACGAUAUAACUG-AAAUCUGUACUGUCUGUUCCACCA
#S                     ...((((((((...))).((((...............))))..)))))........

#END

#SECTION BASEPAIRS

#BPCUT 0.001

26 35 0.04459
25 30 0.003098
23 36 0.04942
20 40 0.3939
24 31 0.003134
2 49 0.08709
25 36 0.04066
2 54 0.06139
3 53 0.06074
21 39 0.3976
5 47 0.9735
24 35 0.04765
19 41 0.3529
22 38 0.3045
6 46 0.9753
7 45 0.9721
8 44 0.9687
1 50 0.04737
9 17 0.42
4 48 0.9598
10 16 0.4298
11 15 0.4256

#END
