#PP 2.0

WNV_OP609812.1:106-168 AGUCAGGCCGGAAAAUUUCCGCCACCGGAAGUUGAGUAGACGGUGCUGCCUGYAACUCAACC
#S                     ...((((((((((...))))).(((((.............)))))..)))))..........

#END

#SECTION BASEPAIRS

#BPCUT 0.001

33 39 0.004763
32 40 0.004764
27 41 0.9966
26 42 0.9999
23 45 0.9812
13 17 0.5654
1 57 0.4785
31 37 0.008118
2 56 0.632
7 49 0.9999
2 61 0.007278
3 55 0.555
3 60 0.007197
11 19 0.9997
25 43 1
4 52 0.9808
5 51 0.9984
10 20 0.9996
12 18 0.9734
6 50 0.9999
32 36 0.003418
8 48 0.9934
24 44 0.9978
9 21 0.9302

#END
