#PP 2.0

WNV_AY277251.1:69-130 AGUCAGGCCGGCAAA-CGCCGCCACCGGAAGUUGGGUAUACGGUGCUGCCUGUGACCCAACC
#S                    ...((((((((((...))))).(((((.............)))))..)))))..........

#END

#SECTION BASEPAIRS

#BPCUT 0.001

54 58 0.00698
53 59 0.005804
33 40 0.002171
31 39 0.03209
27 41 0.9966
26 42 0.9999
53 60 0.001534
23 45 0.9812
13 17 0.3804
32 36 0.003308
2 53 0.02782
8 48 0.9934
31 37 0.007852
2 56 0.2257
7 49 0.9999
2 61 0.01074
3 55 0.1992
3 60 0.01061
11 19 1
34 39 0.002052
32 38 0.03536
25 43 1
4 52 0.9826
5 51 0.9981
10 20 0.9998
12 18 0.9992
6 50 0.9999
24 44 0.9978
9 21 0.9305

#END
