#PP 2.0

WNV_JF488096.1:106-166 AGUCAGGCGGGAAG--UCCCGCCACCGGAAGUUGAGUAGACGGUGCUGCCUGCGACUCAACC
#S                     ...((((((((((...))))).(((((.............)))))..)))))..........

#END

#SECTION BASEPAIRS

#BPCUT 0.001

33 39 0.004763
32 40 0.004764
27 41 0.9966
26 42 0.9999
23 45 0.9813
13 17 0.04113
11 19 0.9938
1 57 0.2675
32 36 0.003418
2 53 0.4411
8 48 0.9979
31 37 0.008118
2 56 0.3532
7 49 1
2 61 0.004068
3 55 0.3102
3 60 0.004023
25 43 1
4 52 0.9891
5 51 0.9989
10 20 0.9935
12 18 0.7288
6 50 1
24 44 0.9978
9 21 0.4566

#END
