#PP 2.0

WNV_FJ159130.1:69-130 AGUCAGGCCGGCAAA-CGCCGCCACCGGAAGUUGGGUAUACGGUGCUGCCUGCGACCCAACC
#S                    ...((((((((((...))))).(((((.............)))))..)))))..........

#END

#SECTION BASEPAIRS

#BPCUT 0.001

33 40 0.002171
31 39 0.03209
27 41 0.9966
26 42 0.9999
23 45 0.9812
13 17 0.3804
32 36 0.003308
2 53 0.6021
8 48 0.9934
31 37 0.007852
2 56 0.1172
7 49 0.9999
2 61 0.005553
3 55 0.1035
3 60 0.005492
11 19 1
34 39 0.002052
32 38 0.03536
25 43 1
4 52 0.9907
5 51 0.9988
10 20 0.9998
12 18 0.9992
6 50 0.9999
24 44 0.9978
9 21 0.9305

#END
