#PP 2.0

WNV_ON813213.1:107-169 AGUCAGGCCGGAAAAUUUCUGCCACCGGAAGUUGAGUAGACGRUGCUGCCUGCGACUCAACC
#S                     ...((((((((((...))))).(((((.............)))))..)))))..........

#END

#SECTION BASEPAIRS

#BPCUT 0.001

33 39 0.004789
32 40 0.004785
27 41 0.9946
26 42 0.9977
23 45 0.9756
13 17 0.5604
11 19 0.9908
1 57 0.2675
32 36 0.003412
2 53 0.4411
8 48 0.9935
31 37 0.008104
2 56 0.3532
7 49 0.9999
2 61 0.004068
3 55 0.3102
3 60 0.004023
25 43 0.9921
4 52 0.989
5 51 0.9989
10 20 0.9843
12 18 0.9648
6 50 1
24 44 0.9905
9 21 0.9355

#END
