#PP 2.0

ZIKV_MF574559.1:16-74 UGUCAGGCCUGCUAGUCAGCCACAGCUUGGGGAAAGCUGUGCAGCCUGUGGCCCCCCC
#S                    ...((((((((.....))).((((((((.....))))))))..)))))..........

#END

#SECTION BASEPAIRS

#BPCUT 0.001

51 57 0.03599
50 56 0.06758
28 34 0.9819
26 36 1
25 37 1
24 38 0.9995
23 39 0.9999
1 50 0.02687
3 51 0.1637
51 56 0.1483
2 49 0.06611
2 52 0.1768
51 55 0.066
50 57 0.1509
27 35 0.9978
7 45 0.9999
8 44 0.9955
50 58 0.0356
22 40 0.9981
11 17 0.755
5 47 0.998
6 46 0.9999
9 19 0.7459
10 18 0.7628
4 48 0.9829
21 41 0.9834

#END
