#PP 2.0

seq_05_29          AGUCAGGCCCGAC-UUCUCU--GUCGGCCACGAUC-U--------G-GUGUC-----GAUCGUGCUGCCUGUGAAU-CAC-C---CC

#END

#SECTION BASEPAIRS

#BPCUT 0.001

71 80 0.05241
33 60 0.9993
72 79 0.07309
30 63 0.9969
28 64 0.02136
27 68 0.001467
26 69 0.001437
31 62 0.9998
26 66 0.007278
27 65 0.03498
13 23 0.9893
4 67 0.004683
4 71 0.9172
3 74 0.009795
29 64 0.9536
3 79 0.01247
3 12 0.001572
34 59 0.9984
7 68 0.9853
35 58 0.9924
2 72 0.03285
32 61 0.9999
3 75 0.007342
5 72 0.004174
8 27 0.007406
10 26 0.9864
2 80 0.01265
4 11 0.001572
2 69 0.00382
73 78 0.07908
28 67 0.001588
2 76 0.006848
6 69 0.9855
1 70 0.003429
4 73 0.00886
7 28 0.011
9 27 0.9395
5 66 0.00468
5 70 0.9748
6 29 0.007026
12 24 0.9955
6 65 0.004426
2 13 0.001562
8 67 0.9787
9 26 0.003802
11 25 0.9966

#END
