#PP 2.0

IGUV_MK332105.2:52-108 UGUCAGGCCGGAAACGCCACCGGAUGGUCGUAAACGGUGCGGCCUGUGACGUCCCC
#S                     ...(((((((....)).(((((............)))))..)))))..........

#END

#SECTION BASEPAIRS

#BPCUT 0.001

25 32 0.7278
24 31 0.003593
24 28 0.001215
22 35 0.9989
21 36 1
1 48 0.02093
3 49 0.488
23 29 0.001604
1 51 0.2786
2 47 0.03991
8 42 0.9956
18 39 0.9836
2 50 0.5557
4 46 0.9838
25 30 0.003646
19 38 0.9981
5 45 0.9986
26 31 0.6873
20 37 1
6 44 0.9999
7 43 0.9999
9 16 0.7196
10 15 0.769

#END
