#PP 2.0

JEV_EU693899.1:49-109 AGUCAGGCCAGCA-AAGCUGCCACCGGACACUGGGUAGACGGUGCUGCCUGCGUCUCAGUU
#S                    ...(((((((((....)))).(((((.............)))))..)))))..........

#END

#SECTION BASEPAIRS

#BPCUT 0.001

52 59 0.01114
31 38 0.0084
31 35 0.2304
23 43 0.9978
22 44 0.9812
25 41 0.9999
12 17 0.9968
28 36 0.1607
1 56 0.05297
6 49 0.9999
32 37 0.007683
2 52 0.6276
2 54 0.001829
5 50 0.9987
2 55 0.06971
4 51 0.9915
29 35 0.1767
9 20 0.981
26 40 0.9945
7 48 0.9999
30 36 0.2231
8 47 0.9934
24 42 1
3 53 0.01152
11 18 0.9997
10 19 0.9975

#END
