#PP 2.0

KUNV_D00246.1:99-159 AGUCAGGCCGGAAAAUUCCCGCCACCGUAG--UGAGUAGACGGUGCUGCCUGCGACUCAACC
#S                   ...((((((((.......))).(((((.............)))))..)))))..........

#END

#SECTION BASEPAIRS

#BPCUT 0.001

29 37 0.02239
28 40 0.9394
27 41 0.998
26 42 0.9999
23 45 0.9813
11 19 0.9883
1 57 0.2675
12 17 0.03708
2 53 0.4411
8 48 0.9934
2 56 0.3532
7 49 0.9999
2 61 0.004068
28 38 0.007483
3 55 0.3102
3 60 0.004023
25 43 1
4 52 0.989
5 51 0.9989
10 20 0.9905
6 50 1
24 44 0.9978
9 21 0.9218

#END
