#PP 2.0

WNV_JX041634.1:106-168 AGUCAGGCCGGGAAGUUYCCGCCACCGGAAGUUGAGURGACGGUGCUGCCUGCGACUCAACC
#S                     ...((((((((((...))))).(((((.............)))))..)))))..........

#END

#SECTION BASEPAIRS

#BPCUT 0.001

33 39 0.001806
32 40 0.001876
27 41 0.9966
26 42 0.9999
23 45 0.9813
13 17 0.04125
11 19 0.9967
1 57 0.2675
32 36 0.003432
2 53 0.4411
8 48 0.9934
31 37 0.008151
2 56 0.3532
7 49 0.9999
2 61 0.004068
3 55 0.3102
3 60 0.004023
25 43 1
4 52 0.989
5 51 0.9989
10 20 0.9972
12 18 0.7309
6 50 1
24 44 0.9978
9 21 0.9281

#END
