>0
10.564263563786776
10.03202911807507
10.520104365175706
6.568055898822262
8.18331452678085
6.998816409255389
9.748367980549334
8.760675139241506
10.956626094373682
11.049836817178104
13.903061867700934
8.60406328461449
9.748980890377402
9.632323205231462
9.205323589820088
8.54217694963095
9.227645908109977
8.808370484570496
8.565381591863408
7.203274683933732
8.881723051957604
8.924253238079713
9.4833234079286
8.912936533305897
9.531293632688774
9.492748988552393
8.944956981195217
9.342307070276444
8.761940099111879
8.472845930626013
9.64977877332881
10.03175582222262
8.067523899524044
7.873762525664217
7.7560295246879685
8.779544064889757
10.70454677054003
7.78632535485734
6.5237060956176665
7.990185523745915
9.569840565666794
9.48006981978533
8.874996473439268
9.836512254747218
9.682707587044053
9.109746976504598
7.21945522241656
7.169643532263718
7.137195183983322
6.696316728265007
7.3482363179157275
7.035846962666285
6.871240473095099
7.585395981481193
7.077100164081108
7.2110748931718165
7.186238707269131
7.097662288124938
6.8077566439027
7.274267005975061
7.143230630063612
6.8667670311092905
7.160668632201265
7.263121574437649
6.784838399408111
7.563337950666016
7.900863074245769
6.590877749639296
7.129495295327208
7.149011997697455
7.264108054748393
7.07649311759651
7.021743619564153
8.302924351278817
7.080616945440375
7.178532842745115
7.242709401054709
7.332753351842032
7.000979175758092
7.132417036634815
7.062562055358404
7.087917251619032
6.920877151192515
6.791056723536272
6.820608407626027
7.1219758236488
6.919045338051221
7.207586729432451
7.088451078429669
7.1007491808051775
6.367915897773736
8.261968268316949
9.001776614111657
8.397099989848304
9.112750762646948
8.344143286619575
7.569464631342618
6.490584169789019
6.890467144068948
6.916274572197658
6.3834134042558714
9.122549288840977
8.348390305572043
8.188079040479462
8.564531128107333
8.050167512067004
7.7782551168935905
8.392085045783734
8.503762743163753
7.925375248007278
9.06870949827619
7.123434281402316
6.58298502192741
7.019988706880257
6.676089837534072
7.195291372292388
7.102645063683644
7.378148396371863
7.174113803323015
7.37941441521561
7.107721822389904
6.449465485280234
7.062303304636722
6.759651947205891
7.301292177908026
7.256024184584043
7.6187689898023505
8.190245768266541
10.612101326905606
9.704038513098805
7.142428022127253
9.77478879363244
7.942909885279048
6.87502976066331
6.772366732724642
7.421321187956522
7.0458119827827685
6.918304202644784
6.754287112961786
7.339511172889367
8.3197783845285
8.786940296633386
8.037792756191314
7.980233209174163
9.750156909773047
6.955139361687557
6.437749497198729
6.79736598943771
7.579020241845362
7.511200669395289
7.702167303284022
7.237625713211355
6.6549660951997875
6.916770544572684
7.720735801327003
7.037243924569353
7.168123429889953
7.282164290238763
7.126490532772654
6.599835197059723
6.66138845262231
7.144003952834882
6.493965507372412
7.14340223315366
7.311233812009352
7.25090304980124
7.399853682448312
6.583358335965811
6.724488428186874
6.917474487225285
6.958280386902257
7.872401585704689
6.5638622793909
8.151286189608847
6.170930915844036
7.602227286733862
7.8788022913727636
8.585907512879023
8.93718697740171
6.972766420425156
10.548774381442856
10.778862486637676
9.3684508681063
8.349489153297984
10.883756746519106
10.70872439921463
9.550730391099828
10.993627955015985
6.630294127997689
5.648584561376238
5.795956737564249
5.79931061232851
6.361711259100437
5.685000692764498
6.233153426100397
15.915796281700157
15.920652405362295
17.368714196992208
12.46439027097297
14.469944724357822
15.00867074728754
15.494171991195527
12.147965578856784
16.099120319160555
15.62292214091562
16.706730631241943
14.022669783200763
14.659983609605314
15.936138186032638
15.976334389538826
15.214569458036777
15.763286475994809
14.891589438178034
15.124809904005652
15.173982448220798
15.494578704217837
14.40578544225836
14.49098416655392
16.511869054770475
16.251626168065908
16.073157617489688
15.806652215013672
14.74424114190267
6.665476980978466
7.249483922236884
7.3075862986180935
7.848814584921574
6.831578808189139
6.421183073539622
6.87850014170544
6.045340587352829
6.45004340859453
5.5729952081781295
9.565130136021777
9.20080854357798
7.875903497709731
7.027933560608574
7.388141314498019
6.976608762014587
7.612009453323081
7.256256993173298
10.370664829199654
7.64213482115944
6.7932755492771735
8.90998599081424
6.6480863386663955
7.162427714864468
7.087662167820101
9.67484948906508
9.581394713480039
9.531233450514545
8.88529256865685
8.541261557864145
10.204631951312592
7.518278889921522
7.164252692861723
6.822378776680359
6.746770295959494
8.896485951556844
7.495893782750303
9.442127236006103
7.667894585442896
8.05661333399193
8.384968468689385
8.078812589711838
9.53386101562523
7.863718772142551
8.96455997288113
6.2792608311308165
7.692162303055612
7.653635338453594
7.732725822289899
6.706105829097552
6.764561532273114
7.918888195865672
7.05519501617121
6.719477628543333
7.402648845527352
6.721828328561071
8.766004710880907
7.964564431626056
7.053872466175492
6.52836338724295
8.821748384337063
6.321081876967497
7.182172803661813
8.593955763055948
10.409569406168076
8.184129268345025
7.557560126204691
8.88713018714177
8.77831208028308
8.170595142641162
8.682958761043748
6.878428076222324
8.486154912662503
6.322364016892684
6.109261056168778
7.367251961465806
6.711520061334183
6.891092441187292
6.5384591187070376
7.672419956210215
6.944526232818678
6.994089288654511
5.973716781826335
7.062338652811572
8.800033906303453
7.189439660570989
8.080389469300373
8.71703698887201
6.662662126712387
6.930133532235776
6.465690011316907
6.7390711248847355
5.815673515733721
6.179248652448803
7.633865933361818
6.238053303175385
7.224330811956452
6.0884188584197885
7.236966545850729
7.252039719527737
6.2215017953917995
7.569082851903294
6.220961195154177
6.955387604058996
5.520227002011014
10.373742545985026
12.133435093760415
6.917935333799928
7.004581200349584
7.234764468225462
6.623096081475049
6.322665822406105
6.985631487412042
7.035155156651873
6.912831737816188
6.728295351972213
7.013772549867767
6.954668938896303
6.817562647687902
6.370339895883312
7.222656275433385
6.928616182011695
6.1565651592808965
6.426123003885628
7.36354807062602
6.589034529877551
7.760914040892716
6.3698150940292715
7.127283868352078
6.720850864302276
6.911340933737144
7.106530966279356
7.03682320083433
6.81460296668861
7.225003674344607
6.950037857186344
7.430727069763914
7.2287426397361845
7.160036796135519
7.972043495288991
7.143420186434967
7.134047694008296
7.125157319691137
6.923071947195579
6.786631326383668
6.778545113407228
6.8447915274000675
6.943283180005189
6.676075954074257
7.385475885811789
7.662967356220938
6.7786345380596815
7.336937361562564
7.417329143035665
8.999378964237781
6.838930546856051
7.050045247398152
6.9752382171192115
6.961187622559486
7.03844516622544
6.726893717558909
6.634610393797344
7.230712194811565
7.096423418184073
7.063713472973602
7.248654960091881
6.985895541718179
7.099584229630556
7.0687478787394324
6.666841230584242
7.242686315207269
7.108033375745696
7.193767254522512
6.9635389297139545
7.530904075309322
8.02132999664635
6.880437634523786
6.321313294058098
6.914912553715394
6.64320265471101
7.370545140494964
6.4861374553780005
6.610570883781183
6.842180650390285
7.412669563846893
6.464219730563898
6.782777507316161
7.110941314606255
7.523997126569719
7.4996036066717275
9.152464240622852
6.7055284252794936
7.164937918342287
7.659105544671322
8.716342274052344
9.180558715681471
7.1488852590375656
6.89074440202504
7.357551788057448
7.093720787667369
7.844441363135376
7.020652871980096
6.747321871187673
7.225995769601358
8.555668213314826
9.156878216039209
6.618160980521179
6.975446704861464
7.688581684712427
7.018371139435782
7.1421025369633595
6.998286504440958
7.312957598047162
6.747929965871265
6.677837322954698
7.53642199922899
6.26228044922155
9.132570158692076
7.181354469912921
7.080769112368822
8.595964861857256
7.231999125783144
7.147800722233355
7.408568849996629
7.836601478282459
7.292049604435533
7.647143212194118
7.002727822894664
7.0289442532207556
7.112640383785939
7.317965016614097
7.379611992893764
7.090471531224911
6.840332125102764
7.500830783247413
6.890217775520417
7.186236953771269
8.744314717156495
8.182811671214587
8.251039395204259
7.005568405937146
6.406029758111686
7.070506793512227
7.301497549548701
7.513314981945564
7.000410894499876
6.067303375124552
6.363548226011862
6.377903929138604
5.619535060096167
7.021838745179422
6.684094986259603
6.427474714692886
5.8820732950391195
6.615955020571642
6.395425903087913
5.369485431015231
7.088689007346869
5.817357478749547
6.450273248667586
6.3894145134557805
6.561472259969505
6.011915018728839
6.216225898060242
6.866628957268071
6.4399963425430125
8.428853604673744
6.950851059376013
7.806552338132638
8.155306002568231
6.606146899766937
6.916593509681357
7.137691991913184
7.093808708627384
6.901528836948919
7.410892120772233
7.947371716059325
7.12798209064101
7.82933357529403
7.365522822277698
7.309957722765659
7.712992432168579
8.073852131818168
6.283622749381058
6.5693300177866405
7.6548722848547
7.1372077003652326
7.197219432472656
7.07363003118771
6.146956506259875
6.064640870239195
7.1291675173325775
7.250028663886928
7.121918232306903
6.854538026258754
7.0065251888953055
7.708779081185908
6.807508307828801
7.037957956297526
8.022382780150924
6.9361844231116825
7.500973147622266
6.239802950582506
6.463180263610538
6.948591801967449
7.945572405846346
7.512007646605125
7.3793686816593445
7.480136508138763
7.045520048935973
6.297533284970439
7.042688680504804
6.629126598255812
6.892534659246424
6.016162326882175
7.2768057182631445
6.910609259113949
7.629900358894939
6.892774462749413
6.898796560663546
6.3422177644881375
6.992865416788655
7.285243293054461
7.14715015115145
9.592269957666408
6.888927668500289
6.193465935282009
7.069848192219668
7.634217877417836
7.470446382373114
6.974180497353741
6.7427115119461725
7.29919754515113
6.941803621653729
6.780000356790897
6.778205833904422
7.009873797725987
6.6808066137111695
7.755410179170965
7.277155191840372
7.653604806754166
7.659033452928681
7.875770024874548
7.369527637181339
7.855053460450589
7.5784000249906605
7.3779625498656785
7.3235955700545805
7.548768773242938
7.727936625831084
7.031038155256921
7.26440768958047
8.32066341542373
7.349192437438652
7.485912948828918
7.597271195384684
7.380887596468078
6.697624297061136
6.764771858322381
7.941153559320919
7.304008960391052
7.343068880584977
7.931417342595459
7.9860629737245965
6.724596542137486
7.175156960612928
6.850028866360848
7.073887289800958
8.53359303643018
6.949001938063172
7.143531200828154
7.233904894460153
6.69527742935335
7.008707664634351
7.503564254267145
7.862147319583966
7.485793613389305
9.109756739323586
6.225887467526044
6.5514274449591365
6.351975212435202
6.9666200773402
6.040484733524717
6.4402840790210005
6.432764232288264
6.588015384724413
6.140306174391178
6.48477253301139
6.93811068983902
7.045643137363292
6.943000538665645
7.285321242886628
7.002256335319598
7.0687617384284485
6.312542929807842
7.302719114821099
6.755611611353115
7.213986022769767
7.21707331779796
7.161489083046183
6.906078807086176
6.1522937639305155
6.493991440376245
7.451462660438767
7.564049896705984
6.845312468542792
10.629505874594349
7.064390062924019
6.981225834022584
6.4986383261844045
6.953975468080813
6.419589532355404
6.207207940989861
7.20083001974383
20.12539460760025
36.373724696512845
45.144263875210996
42.075726581545084
48.3432124075476
43.32763335239436
44.99066625137208
46.63178601891564
46.555295522379744
48.16868812881316
42.89354237386727
45.52197630044206
45.63329082150691
47.524178012444864
46.291319806759056
48.97423754801541
44.698751797155644
47.55260251216603
45.09201114814626
44.59864883467266
46.0900977130111
47.507334950554274
46.02444342694423
47.52565678292189
49.23603212023643
48.897791331750305
47.59949620877451
48.92302888152628
48.01429112121826
46.37678522139551
47.41984122542155
47.441006681221374
46.28827472255219
48.621395533132954
49.06915064803566
49.57461625268631
48.63779800620822
53.30121382874809
51.550464139357054
55.71964466547038
53.16533533409233
63.83421912163133
66.21185163780208
64.3024046863593
61.17730304604648
60.30219159192703
65.94639392981635
63.58031387792696
63.920440409210556
68.42560408516977
69.30856083709703
66.05687809761056
68.21970916828322
66.75060975529888
68.6709148648565
64.91507418767743
70.07642152256697
66.35795997174947
65.84004761689603
67.5026389343144
66.79487528573692
66.08411259055897
66.55172291474052
68.49250442777564
73.8427830457675
76.18820773606502
72.49507272125166
75.00638329037253
70.49857780726238
72.25491110965191
75.36698508860145
74.59139503180991
74.29626321270368
72.7178472640776
73.39520698536775
72.59808318425675
74.90529605368958
72.20564847078317
75.14683043328438
73.79408566763631
74.3316999956291
73.94148696421604
74.6800457270064
75.2160400618519
76.75436431006568
74.68772972324642
75.45508786771053
74.23468178049556
73.68799972590054
72.12783591809509
75.83591041155353
73.00734123343099
75.90792806229182
73.69377869850152
73.33849041867624
72.99666145585121
77.02449750120068
72.54740572609535
75.21956471813142
75.85235814303488
75.8835222785202
75.50988729994135
73.04331770914193
74.01301233199926
72.86598998317751
74.84720155968384
73.4629669998151
75.14361260344039
77.11888331917787
75.01421371676763
73.45920964633562
75.599006036126
75.44927733299387
75.95746503917778
76.25131236270981
77.07905541066587
74.57712431906718
75.90177788823443
78.03804059567562
77.9715146347899
75.34022358428659
76.43361501347103
77.98211756329226
73.88762380999725
77.66981387089895
75.7483214888457
77.17004407699639
76.30562515616259
76.39854660791492
77.54632671484586
76.02897243083919
75.59390583263918
74.02882600314584
77.37732340684973
76.06515580050626
77.90550630920175
76.30183384005173
76.38378791234652
75.1790844320911
73.81620601517675
77.6211268784598
77.01644839307936
75.63709948572931
77.39507683995689
75.71106595660886
77.47464425205756
76.62863770837639
77.92637890926783
76.91131972674798
81.21757619595326
82.32389971657886
82.66674916237908
81.42517606665083
82.5410858382834
82.78078015419327
83.23818052531334
82.82010222724298
87.15447213309805
95.00050521996381
96.71030101461936
101.56639210904439
100.114980770636
98.90352806798393
101.62012664644097
101.16439109345318
101.33251524502411
102.03205282956752
103.70642163319233
101.77353474314495
101.67433158134534
101.18488823763113
103.40385982890267
106.1097356228804
105.6089519954932
102.73214702102877
108.04182731272438
114.38284020290513
113.69449914836413
122.45997989323308
120.7904244566599
123.57263488885181
121.10849024038296
116.78932061843409
118.63543435516364
117.49156726225021
121.11324580172202
119.56747426488879
118.45320868417936
120.76533595487402
117.82062783204977
118.3225140219451
118.05813637803168
118.01543958161368
>1
11.075567832689075
10.553407041988509
10.867493038718111
10.77143088499484
8.786129846287423
7.402652974305502
7.146739467780185
7.750329273275695
7.249108041856335
6.782694494011574
9.136607242591483
11.213380004641783
8.780880475409772
10.374612107091506
8.463508509947115
10.742633086928636
9.96523160497935
9.746283507338104
9.034049952099762
10.410900410817316
6.93386531035315
10.761934143495479
10.55402576209804
9.515451617885056
10.213279293136717
7.543703646874638
8.364952486220124
8.555082327367595
9.138947233180724
9.14430708385971
10.977638489781373
10.940857556879546
9.045649118596256
9.267545303946267
8.485513288736737
6.912265284279599
6.980198253449577
7.227989364343897
6.850408935240728
6.577501468334689
7.764611406614649
7.208401540892531
9.811117078485706
6.662017441286417
9.072441614526262
7.5114378003065285
7.545695904794988
6.951859323421844
6.963300930072531
7.205747754372292
7.618214259669936
7.678766131502551
10.650292442417381
7.851779544666474
10.986838520894352
7.383899732920623
6.737095195651391
8.117813018086467
7.294448162681261
7.1384090246603655
7.09320993160278
6.853457912218954
6.504315542143169
7.097115645379312
8.56384082390717
7.065977964556332
6.3235823137897755
6.837021187120593
6.898471494185602
8.557453544577944
7.275059392992276
6.642130150703313
8.065200950110244
6.842475830783052
7.204132958969663
7.0007487593681255
6.920279902314934
7.449944549943645
7.281134057052256
6.676409364392978
7.168229784385377
5.8378464905061564
6.755639425067396
7.001483154526709
6.76154084400934
6.692062807720943
7.0337948242323565
6.828266936355461
6.670903362539328
6.9882390211192424
7.553940624299943
6.940549607676326
6.639109786728732
7.046718010102453
7.267027805479188
7.567368584787002
6.92925899778646
7.107600269575193
6.828188132313283
6.9870568319270365
5.961918444812111
7.093544180769261
6.990852201029557
9.183743994380169
6.468655706518754
6.685127453550906
7.148046943957685
8.234452537094116
7.347844995338174
6.72475165566141
6.369272001667252
6.379331760468144
6.458782766133864
6.559345580955079
7.169007628136339
6.743346876819254
6.860495352218599
6.960792529291807
7.38949275767738
6.610731135578735
6.515132715274203
6.365678258427185
6.703890061305385
6.790863499513118
6.645164601344249
6.4650873773444975
6.450865312705781
6.174156891413507
6.661477893738804
6.4318670398867335
6.890586364288022
7.104764737757481
6.88304469152084
6.89936327332639
6.836466293345344
6.86429117984407
7.444223740995589
6.674808805621122
6.637213138030747
6.502277710129851
6.599701564152826
7.011892878929634
7.153885889880245
6.7810211821237845
6.553050334963568
7.036938076488953
6.597691197201158
6.99001201370427
6.782034861729019
6.797794013183154
6.843179618028936
6.228684122494372
6.602379863847438
6.523728805573995
7.145749865609184
7.317959091814217
6.436111722867375
7.368133887731851
6.9052534652813
7.055906068972793
6.535567266032169
6.5934067382123995
6.564812731881391
6.082674891608758
6.590871123939354
6.872326262114145
6.864441099163639
7.265789134997356
7.046749147988169
7.140471113791375
6.7668954432849535
6.84083225317569
6.48082556372924
6.538942582425544
6.8564094099680295
5.276238937956014
6.682263500102356
6.408253836283606
6.6806044307798755
6.7822047072762635
6.742105906046323
6.545330156334803
6.789220793120924
7.073237668117923
6.805642728897968
6.676488808793426
6.691142734157262
6.50764777562196
7.192899610162634
6.464801329075757
6.604049494718296
6.529782932939344
6.634516345171411
6.684035950616392
6.630216398923722
7.222582215537904
7.331299395023577
7.0179271579032925
7.292438908468335
6.5334437919209165
7.107581283598183
7.199772945597235
7.082784507301896
6.61402216108447
7.015352449876408
7.051660871184415
7.080623944682214
7.163749020183135
7.025864451531198
6.94737786431503
6.73890914789742
6.4951806592524255
7.115428917749111
7.059788284064862
6.90064919372268
6.715124235472702
7.011233877558034
6.372724120245523
7.096091276668328
7.005838311074133
7.034266355832832
6.959172993611836
6.992531294993796
7.010050116142666
6.990158338661438
7.862542639121743
8.531075279932981
7.554750385937421
5.585575371206553
5.862298022269874
5.791929806358532
7.513714002222243
7.371929449475055
6.421717066431838
6.344397005566759
6.431958935128225
7.578418486881064
7.414504452548387
7.0950659460249295
6.296884957690429
6.639554672326339
7.4698048533401815
7.71631525133853
5.711674053466852
5.975656402850482
5.843735520181147
6.9011309672240895
6.304537766883381
6.627177493668966
7.153447477578627
6.9255181363772005
7.304024107127078
6.98756398293824
7.47371303237002
7.5894225484554605
7.783891532008764
7.083790505956001
6.79340734475385
7.292074872288078
6.833520323498678
7.094962130500318
7.558538581793106
7.739449993828995
7.548535901095387
7.6494865565909125
7.60053389382604
7.252576848395353
7.133377269753385
7.124904710933155
7.295923324427637
8.307107180979447
7.686909813710618
7.076440754255122
7.227790682368451
8.342754158487871
7.587942809163084
8.153186699421008
7.551746681301409
6.648789387483671
7.8306215875655845
7.458670670255216
7.709663259676581
5.800554501123632
7.846294038818845
7.395099526900734
6.706533237669872
7.9334852176205235
8.521617754509665
8.037486792329307
8.010162399160139
7.865752840976391
7.93285611931318
7.724500609769671
8.555944717020335
8.26104480950531
8.376045423388852
7.476371150867934
8.784229574900058
8.019405607781403
8.770271594476661
8.146166317151271
7.6536711052465884
7.897057909888186
7.7043894413680825
8.055744785104348
8.201231394679876
8.35881663928742
8.348159958074357
7.895738838675898
7.900286213803803
7.769932547211837
8.148337403989913
7.974836493350804
7.458182334151892
8.290161237326862
7.883586586084853
8.222213518289692
8.128830075384192
8.20726346690407
7.819557423467199
8.84940286666438
16.719883634482485
15.5934022913085
14.567346912572805
14.023937398680177
15.789688065391285
15.77801683032525
15.921782303725934
8.225470159790007
8.569374367866596
8.932208204199956
7.9145004251922915
8.435799947995548
9.13410568028075
8.707500181279768
8.440301272795027
8.91129436097335
8.162083822746599
7.298560817620791
7.454968734023516
7.158056315654611
7.37958509061281
6.50447802353151
6.704963482985529
6.986817522879013
6.290640380396834
9.547903775164922
9.219410853766872
10.007761221119399
9.795075850609688
10.163062936489792
8.599725448615574
9.64788826359827
8.399641223495678
7.866095707267362
11.162210613277901
8.421361952181448
8.833623707907142
7.40068902519217
7.857877014368615
7.602384618012545
9.226570861801042
7.791463321461184
7.100169754833803
6.802694353154709
7.106028178769879
7.082534334520201
7.065551326265637
7.129571034075253
8.893792201843157
9.090101413727803
7.016228679144169
7.3462686762329
6.955303100996452
7.059940786211979
8.00895226239767
7.4865490792373635
6.910380827435473
7.371161916072303
6.636108440803908
6.680074249626711
6.864296211135895
6.580775227395145
6.738996094561887
6.791477634403889
6.940756779998801
6.326182171859387
7.150100372836139
6.734782974691043
6.5272689965220625
7.919609610725803
8.610641158973289
6.421104566729142
6.407480190813441
6.495141558443512
6.409170425623264
6.812419775975374
6.713138550054487
6.70833300894248
7.142664581359217
7.2548954261067955
7.124572861991423
6.686075023284941
6.586332274818332
7.209043687768111
6.726467316106347
7.095606297920146
6.762284555130231
6.954242105550989
6.043761454778903
7.077548572536501
6.277747658388403
6.935212651024249
7.17062820533905
6.781558533963404
7.029910138488966
7.241238395285793
6.8376293410479505
6.089913826440661
6.749612209044391
7.178620891590898
6.8620941834638
6.934500247798292
6.770456789144884
6.698755839159664
5.8224762751167205
6.950639735823805
8.969179049890315
8.896699223840564
7.048550488733772
9.24087202220053
6.854549662411579
6.936031380037899
7.349537030594363
7.005231823620444
6.987505094254646
7.244530610993073
7.270223739513962
7.260294830206786
7.1487577505306135
7.364232186989085
6.981456300121464
6.700925668717217
7.24488971439238
6.670699865522318
6.47177216141641
6.307498522084143
6.351001815910418
6.9513207592960145
6.649336745748102
6.747410721243382
7.000898827489434
6.829641450385234
7.594994468139745
6.607238372920797
6.980675129512906
7.956144062314253
6.309053350116827
6.344953660353315
5.949691548639346
7.170848755747562
8.032101746799393
6.721733528688511
6.155088759795544
5.644777431037744
6.649388630484893
7.251459358228267
6.275951335939692
6.5647293602837
6.705055300956981
6.509506072033428
6.6388439030928525
6.35215847537163
5.417861997246114
6.2378414836153215
6.404852187164978
6.783513678824666
6.508656815560422
6.489627726991779
6.147098188019746
5.633874097725718
5.495174423278974
5.860522796203589
5.87274076889912
6.48917110274916
5.764626523214086
7.02854971535996
7.022218942745502
7.644042477723307
6.3453778753438135
6.705476848299754
6.471510532420083
6.172677875650909
6.285841715079028
7.059743886398231
6.92962970481432
6.688224804283165
6.999823712111387
6.681414752700375
6.48184692390667
5.5792080884242345
6.687195911551798
7.402275158099211
6.73404230011184
7.179324955139884
6.231429534213855
6.600415943502156
6.6233939663532535
7.074251549786038
6.480599118972299
6.876308278295143
7.288151262893402
6.739202962062136
6.517498455006707
6.941860491523311
7.298061157161849
7.497744817735685
7.802827436222766
5.864489125449058
7.056612280145227
6.591597925339956
6.330807530210613
6.283927279734758
6.560136710295561
6.8887890751152785
6.876217571876158
6.980921427889442
7.224549217450831
7.027055667649322
7.005700063429066
7.1354180991642995
6.100292575078227
7.652598085923649
7.690736086592743
5.85474878577472
6.99231449616895
6.712683397089293
6.606708664522147
7.67549440106811
6.82262957460013
7.076794323398338
6.692993423498845
7.011222290516506
6.628504464156517
6.202881587315441
6.543466610649142
6.588298805590073
6.554494607231769
7.538573928477524
6.330046957680223
5.929480484599941
8.020303892550103
6.839823397438628
6.378190601720467
6.717255712246107
6.87209248303939
7.298227368411232
7.139914893809982
6.241889500632188
6.509495681784175
6.27832432317518
7.1244532963127325
6.766471495818011
6.470342066018294
7.208994963028878
7.914052637661571
7.274409203630113
6.3650739798616
7.117146964367742
6.2810185755394174
6.183219296614535
6.567082877525548
7.556602540085291
6.722380808812148
6.976710685475813
7.1366397298139
6.929887372730829
6.570398833984372
6.5489816518927215
7.036433699949189
5.968622437752759
7.082868543526403
7.659245452565151
6.519341343104318
6.450286811952202
7.104331190125443
6.7787424826233
6.923226420490513
7.69915464386104
5.8217361344680345
6.828746827270477
6.736675049426778
6.283009653045608
6.288900416023898
6.353495656354359
6.94801586410685
6.794012574459936
6.336767741939991
6.959642493123405
7.246614897178623
7.10942434480403
6.642569082391916
6.25079467755293
6.451300271930469
6.606431810787834
6.7515702089095635
7.092635912140366
7.048047762577556
6.0144398370994185
6.861895749225448
6.600422542155095
6.60082200109288
6.7905681336850074
7.01337364937384
6.2076955493426045
6.243215813625006
6.564724938373018
7.044711650653271
6.571126646680671
6.14561893037944
6.174116738092387
6.935853678947671
6.8991556355974915
6.476352754940315
7.064606410180354
6.844449787921838
7.586429082383327
7.1164690851076156
6.589539980514646
7.213109458571083
6.984822431038704
6.7315418297634775
6.579411611513258
7.135483495637923
6.8805657169706125
6.466872352450022
6.448643010538518
7.126336439957322
6.337625678609554
6.7943175829184925
6.704797366330229
6.813348297025362
6.990180663901458
6.542821154358593
7.660469043536739
6.853071889108801
6.637477624722094
6.5074208406595
7.148987210310243
7.460578117152372
6.094944584980337
6.535907515527805
5.820639862567203
6.298409547895145
8.413169358895303
5.7600454605158244
6.389042540510016
6.89599131707586
5.523734490236549
6.044589106372298
6.197330596851013
6.435058645649426
9.177476828005734
9.631385800036114
8.788878738423154
9.150877945979587
12.843338908127286
15.528976120188927
15.223083721853305
12.566591913645562
14.976585544467397
11.7852107118725
11.966314883866247
11.044342157239427
12.964371621286839
11.601309003475048
11.7598498499473
12.32684871751251
12.83561770817796
12.35902406963246
12.787127451410507
11.578378491168712
11.131882865945022
11.440456712515298
13.079098067220782
16.582719645227666
12.012269418502333
11.630647879591896
12.560434727546514
14.643902053431901
14.505638200180972
14.43713275139563
17.042259080266366
12.762243903096252
11.920033037953274
15.97927938945614
47.43209458045844
46.6875320979051
48.91940489064786
46.55431978614106
43.46625252981431
47.092180625329206
46.16070726709383
47.44594830395739
47.968209507431304
48.60993686631552
43.313112725764775
45.481180485376065
47.013453360303956
46.14318092547028
49.05107020981357
49.45173488407251
48.142509542795224
50.98538177322709
51.11402145987294
52.388918788230995
53.22738567431445
54.65960698116496
54.50424607633201
55.01608573197246
66.92684605362666
80.75667387796352
127.7878382348798
128.47677855141686
125.85409343636954
127.45668270498916
125.77026365865406
128.19368881562653
128.7510462933519
131.7854076378964
>2
10.852150895714688
10.850846408641784
9.421238523862096
9.961053237850821
9.949653165741008
7.0085487631525805
9.575646261899413
7.55961001817695
7.342260093536086
7.5489038789845235
7.801282440811047
7.749056954974635
7.186520382468206
12.578227965736215
10.153072773848432
7.174025502785746
8.463806073406916
7.332878850690041
7.211538075759412
7.7027775815614925
7.303733259582191
7.476935032780539
7.209329796963969
7.165326764516382
7.300749547760605
6.983636906397296
7.27122958166655
7.171525769503506
8.419936045471097
9.845476058550398
9.325055840779338
7.1879252034348315
7.870546402795785
7.039471788458874
7.254331414766726
7.1798082745483995
7.272468597609856
7.183618622973939
6.871235364953418
6.870847069880595
7.947862941472707
7.212070554654525
7.129482825123295
7.259666615650523
7.076674959010231
7.382969656993611
7.486537349805114
7.247523777462888
7.072959867026075
6.770634560711923
6.592127907585828
6.871313917952497
7.594424369400444
8.291066277478652
8.708511858505343
7.563585707404786
8.97741371204381
8.324382751753404
9.382517692505003
6.901782506785616
6.996344241019064
8.66168366786584
8.928633270671652
7.59894414253324
7.1238168702928135
7.213945860007909
7.395115670299622
7.671722042184496
7.351654878507867
7.132299686790709
7.195878269384082
7.064574829731182
7.197391332248484
6.892004167090047
6.980687105764877
6.667957118283409
7.0588403482459094
7.022870229880856
6.732832549719689
7.091693586241269
7.2714954444140885
6.995532518837824
6.884704467272354
6.5871875257790595
6.49201341390996
6.178308428009746
6.217836091757317
6.904451826240734
6.55820217844357
6.674661273899804
6.04533806441389
7.677855198739858
6.7472575885606405
7.35112146781029
7.069670647490494
7.545926380506558
6.906640737276953
7.2571359194883645
8.632143984560297
7.16093182421094
7.160194535631498
7.019714796464826
7.081953373088747
6.448187825992768
6.753240903451695
6.565081728803631
7.062221164855483
6.863778302673394
7.472372069229102
7.249617392854608
7.332348255815422
7.167909363889157
7.579452326617997
7.147509350131874
7.132155498481454
7.126685408799447
7.806236558563097
6.817366153560073
6.7358576607064755
7.340826541006837
7.359731708734518
6.941416631805354
7.157711813701746
6.770236241915008
7.5024281221912
6.823279121045638
7.270348015577154
8.639059926055623
6.811500286945639
7.86381975702601
8.620458692403826
6.6237545530643285
8.614316785547059
8.408436494429969
8.774226936821329
10.77267906470632
7.817126955970361
6.76429489726988
7.296606428491922
7.978581296670587
7.11257066859914
7.61356105975581
7.082028884948387
6.9539084175267645
7.451974086041474
8.141620452405741
8.919402092494023
9.330742199219168
8.316519418611215
9.102452784110056
8.7264285793333
7.294986717388668
9.474599551506284
7.798733148154117
5.2499649907851245
7.8125426634440425
8.304477246907814
6.246634633748127
9.539348699428233
5.298134732257539
7.625654560207415
7.163913855659059
6.439746237637721
6.734927772881317
7.42441692997124
7.948718263518283
6.693764530683801
7.263682932758873
6.265349664581351
7.035162643851968
6.507600053378132
6.581236529368333
6.943881775280224
6.902651857240943
6.658554397027879
6.240431917824069
6.025176029996758
6.105953050489417
7.69970625618057
6.1505539436765755
6.759378377630664
6.6899223158154975
7.391865310678641
7.731702377247929
7.477434386926406
7.036965568571085
7.305429214076608
7.038411996120243
7.6981064569296915
6.558042464484193
7.324458346337691
7.107848549191007
8.606385905050692
8.074742129956855
7.3788114415238155
7.549493782885658
8.42726155804471
8.989049513689974
7.969248390353982
8.806840906824668
9.44570516345296
8.46868069078567
7.964937873181177
8.426981998393481
9.709954948346505
8.10644879192736
8.994160419500654
7.686345041626424
8.758911880886188
8.18605588926803
8.492656280814279
8.095564433304535
7.11505645233255
7.826487123861285
7.302551933595017
6.9304663436057865
7.570664992662628
8.80104593117232
9.124135463757586
9.020323439222178
8.047571461567715
7.986864922698366
8.017441081251045
8.430233781167018
8.809476933519964
8.459710506511248
8.06363165221815
8.062746758105362
8.350045966830347
8.188781516039548
9.048851270946344
8.402934171812467
8.153026440400508
8.614634953544003
9.394111000309355
7.469939697894155
8.001367967321007
8.03626675609845
8.082627090884033
8.160570349487505
8.117722596976702
8.835011419841598
8.491508905541519
8.196095962314706
7.082971115375603
8.504792005352064
7.562234140417441
7.640094160461727
7.39196467112919
9.959763997965542
9.641495000383598
7.994222787219835
8.830904126364763
7.1535305394093385
8.955783868968647
7.518482769363019
6.632838282606672
8.233129690013005
8.382349016863452
9.35523624390268
6.784068449072561
6.494754570089959
6.754049038489485
7.167354421114924
8.175483164618536
7.926153831605282
6.3154783283047
6.581456107500761
7.567286438326833
7.028219466261586
6.813802313610445
6.597571011871124
7.6350851107160125
7.080521143686819
7.133261141718681
6.7896165673844004
8.250079054796402
7.1500764531965615
7.834618868495982
6.989709051043214
7.014083451462196
6.960079572266864
8.785167658847733
8.59236101016798
8.733986590933759
7.309104459768294
7.004204115370511
8.940175190817829
6.9712065946494635
8.637947058438254
7.655005164885781
9.270227487125132
8.175767747909736
7.928244000104153
6.906428032486963
7.225116820828709
10.239749914140104
6.579834232260701
9.104229808885432
6.629034243441181
7.053544889605901
8.063797218600982
6.908735669671345
6.44015720823634
7.282092199419641
7.746456666114356
7.239601533386083
6.802505270985401
6.589325362635886
7.106613733678737
6.656555433052227
6.486898691975355
6.9005569608452575
6.850245057217993
6.543686722938918
6.722595335534331
7.457389014953722
6.4365146328079526
6.490839317655405
6.453010138379019
6.406520734224524
6.3819707962817205
6.949189714881379
6.614292812586541
6.932746982390045
6.129501762977903
6.8437437262875465
6.816928212423034
6.667748417384219
7.144303442264055
7.825987352704773
6.844368629858233
7.0950874771950785
7.079046041512366
8.09485470507995
7.069736604279565
6.6910008270205745
6.738038556545105
7.513050372516141
6.756103511630853
6.676105158565915
6.765299313845513
6.676476645576579
5.954976187485462
6.1099340451654385
6.17907120840556
7.116901564506531
6.949926968473965
7.1933311248692915
6.7674234397276205
6.742272838818909
6.583984429542714
6.675012736036139
6.533907775517751
7.124389980028816
6.686778559027229
7.050872600006069
6.6741265265035175
6.654605579617211
7.035918722703162
6.410123871779093
7.440454328583613
7.297049901956201
7.4231798173655505
7.141537714985168
6.685947642543146
7.432865873776506
7.463054684995761
7.328191641170269
6.7070076464014905
6.759475063575216
7.095770503905131
6.895740782000328
6.204724482737413
7.2667170365675355
7.223311203424443
6.938356252473948
6.339996902703229
6.536840014930121
6.769596468127723
7.089319713352756
6.1149443502244845
7.120355272155655
6.4918284838048494
5.681968534967624
7.004662114750699
5.854490512280733
5.245148778014762
5.8781680259070335
5.76120261519555
5.426391208349216
6.4969388004042585
6.953047675742499
6.566356661530369
6.769613298642598
5.65321990868876
6.808110174118796
5.611908668874534
5.655829396609443
5.482441521385637
6.36841609595557
6.852084366798773
6.440531136767105
6.687834010593375
6.931643263078983
6.708996279093022
5.800111922808814
6.44059342337621
6.244185887764805
5.228366819375726
6.2969964165407495
6.608181393176044
7.077011487061048
6.558942068928513
6.670164850899404
5.965648489714697
5.949425232094911
5.877063118082616
5.854932653927285
5.493657757395161
5.29949873354408
5.957234765367274
5.6258702752116845
5.754749690355541
5.655665324757989
6.0327593539772035
5.958567060751443
5.837854595320146
5.710057009842995
5.515441271369844
5.790345258386428
5.350431982505828
5.45750678382546
5.3725186303562955
5.932610466944866
5.747441289435557
5.767493036049985
6.145913329300238
5.4966594533589985
5.942463739399214
5.926211645564141
5.469486166727374
5.633990058264713
5.5164359028166015
5.627611772294338
5.703733210637032
6.1140446300360285
5.684378194372497
5.813534243344548
5.498377752186358
6.0764698970140865
5.497628552979763
6.0187151690736815
5.808365241184562
5.980408198218678
5.990165523063379
5.182944870596277
6.046527793045839
5.557915987948167
5.5941710827865565
5.806908424315187
5.611964303923099
5.671386557265566
5.701775799644154
6.433692113666769
5.45368970388693
5.499561009019749
5.5646588176027345
5.355475722975845
5.55779526040093
5.62127626271063
5.556348178086516
6.044909732855503
5.333657781676451
5.509448581596571
5.4171320530549885
5.754745121838472
5.827270128745684
5.6449740840530795
5.261294872083354
5.585509774218559
5.75027893686659
5.234518308993537
5.863668301256392
5.7257828996527405
5.411957256514437
5.500876286939613
6.133721891301176
5.263019291911298
5.81716920104229
5.778795425681524
5.740899736940081
5.393112342964484
6.293702515144957
5.461795411010993
5.544726098005883
6.070679672219925
5.77901900899888
5.595950678032905
5.949068379410439
6.0755107530466015
8.395623780908368
6.7365033985615534
6.202063630466799
6.7399009136952674
6.935350188253205
8.227237248668068
6.542523192527105
5.927631355705708
6.70838309829706
6.345984545739611
6.135564554813914
7.816639451412784
7.670874815277839
8.81970356964678
7.319938452038859
8.350720704817817
7.070883302983957
6.976810909173747
6.230827847946846
9.628709797669813
6.02625752491302
6.696188533444792
6.271409353324849
6.335300585221047
6.234344989036119
6.192795530269864
7.880166259203433
6.3338434039896745
6.192120300991852
6.974417649368018
6.562117415098317
7.440158953603506
7.097669964120885
6.966431465537419
7.038062547803868
9.900071956452214
9.014975817261803
10.63171001368725
7.337505257713171
6.559014893027984
7.840094012576548
7.748076717255756
8.70730980754384
7.4403467413108135
7.342314317825748
7.2657256173924765
7.532420553369402
7.6803377910142165
7.917260863492491
7.920121049173711
7.0838328372938335
7.5697733740034465
7.51303788586285
8.430031046067999
8.531885357810493
8.988302963611659
8.099228533623032
7.617079801061342
7.271980237741077
8.026928598997806
9.323257564380969
7.351189300928068
8.981558277632539
8.894369190978141
7.686905141016766
8.260154666385576
8.126539145756222
7.896486726349233
8.139323899802775
7.816679947995619
7.805618911965255
8.98446618235033
8.103837493007905
9.526812730864377
7.316189494508264
7.667247493507854
7.936509561874266
7.969529556612174
7.147693582036902
9.28667228188022
8.931995269353878
7.963349624786824
8.240530735619716
7.76961243702213
7.871023411621209
7.96704510478704
8.059332120042788
8.36564455363485
7.538424462762464
8.616714043943452
7.914232298187548
8.055551661139258
8.280158006995043
9.087863268132056
8.205525282685707
8.053096590475368
7.70634842505718
7.789025233791034
7.6650771375580975
8.031909554252627
7.533434573225627
7.5577090201178825
9.16250539155792
8.460191462163793
8.95589929361183
7.865590047872783
7.818759148284742
7.793279865634385
7.781290520580527
8.029871467090212
7.846949564155031
8.074850399090234
7.562154858358983
7.83951189898243
9.300622407104
7.487063342692984
7.3049285809564335
17.13461916740189
7.344741780009874
7.422988633955422
9.667982465117754
10.578699193190394
8.211377847697252
7.691082208393602
9.021152596188035
7.975714801951248
7.74833851559972
8.39910288792509
8.657683924867246
7.716847705128578
7.488045416025316
7.7214683866964124
15.572818475718499
32.856627789522534
38.02352255658839
38.520882558485624
40.231436976245874
41.48039975733381
41.14041232615281
38.21065054618463
38.62534127154794
39.01977489578588
41.37435375923293
43.581977899145706
46.8420315197871
43.308493946128415
42.139444709231086
44.701745131308144
43.86135469887355
44.180290695111815
41.04248542965517
42.79468163148533
45.10565927525823
41.515945181047165
43.741038082854196
42.561725484733444
42.60311219778335
44.30036927832361
44.588216516844135
42.62914482697004
42.326797238211974
43.311884805028036
49.33466923860684
47.6002688027823
47.557967232831636
43.73455443859649
44.57405354984296
44.08702783473777
45.39823301796764
46.21070964590686
45.567790705332534
45.465453908192096
45.59915330010203
45.147439097872066
47.34817461798936
48.21727438357329
46.78691293534362
45.27859671654886
49.301205350470745
44.04534009423694
43.844927814783155
45.30955192953837
44.56270758320155
43.67241897532812
44.370118532916116
48.72358904729732
46.92405226931094
44.65170079027351
48.163995041375344
45.835000443906324
46.19696682326648
47.55241237984683
46.51743938995787
43.30386969605645
48.556416483890025
47.885988767501104
45.804566122057366
45.13881684281392
45.83897390671766
45.152846358605046
46.02006021309131
47.620195893415385
46.84053799489732
45.6948387295462
46.960632007467176
44.8665717933161
45.708185406848216
64.19057702912649
68.93563268575197
78.3290644678016
76.80136194035617
78.54168470509312
79.79242096830413
111.57830574376345
117.12258158119334
116.13093338856793
115.54015441578949
118.5002473844063
131.39186488888447
>3
9.995260264808877
7.195511368575747
9.366875312519186
8.992671688670484
9.539437865701705
8.206911778775163
7.7917779626736206
7.784625896744707
8.946496808016963
9.606086075442462
10.333488582484694
9.901912525400741
10.793025147057252
10.020705106199966
10.452871058715994
8.777161786210051
7.931127604008269
7.9744927386891264
8.28878227631623
7.478320041028259
8.648351393856824
8.246516560755426
8.8446034270505
8.589645138949559
8.433304463061042
8.758804669005047
8.212303138248858
7.691479828700024
8.075706620716744
8.792236195458454
8.515589903523267
8.753522841114176
8.072982265147633
7.826961002313316
8.05603717220611
7.585068580515781
9.511418467561498
8.248096152327445
7.408406105193562
7.798364481285245
7.522241692953441
7.518854652466534
9.273197614790096
8.02959574899625
8.965482185085975
8.931395295643812
7.542575355089745
8.827335902088532
10.489966901990426
10.011552120697566
10.390268111882989
7.439756748851198
8.028346889039595
9.173067734831275
8.219937202673464
9.564150723409222
7.5569568847823545
8.162667303656907
8.679341214479534
9.233170153092772
6.919361715149894
7.849825334383187
8.635133870264946
8.699099345395297
8.502779479676434
10.090794003001818
10.39832959352146
8.426030518812114
9.43555951852923
8.24588047966432
9.310427113945714
7.633630418202799
7.61871342313464
10.196322534100538
9.108186356832736
7.249197629078334
9.078006795783361
11.25409389851355
7.524153842992775
9.33887668210623
9.22778962232145
9.20386038414967
11.085471339185817
10.337737261713196
9.39379618758833
10.216423243330306
10.043899554227435
10.25703033755478
10.033516698749231
9.877750239548675
10.271705054423922
9.143417941600216
9.344217471473307
10.188338317013311
9.2447530409866
10.868587709971745
10.426129308310998
7.45061515279866
9.511284061143332
8.156121213417926
7.172407443519894
6.707743368536488
10.210286906921922
8.362911359722077
10.524382632025425
9.656836794721322
7.646512642226614
7.47696605524559
6.849930400071
8.505204999983713
7.796112895617486
8.04278407691475
9.290481227529154
7.361006515612685
8.40762665986111
10.841372703126103
9.187964941345431
9.988336899359876
8.07168610606013
8.341784202452153
7.368169821019669
7.798188285795756
7.248107772020595
7.381677639745815
7.410160139115438
7.147968930468082
7.254395356219368
7.977464761484042
7.346482918029121
6.706425724174081
8.491018199578726
7.856120074920488
8.906892810677666
7.489421902473321
7.488471839215018
7.229045750965656
7.165026223881494
6.838096445897165
6.778359721343687
7.253567355017884
7.059586954726522
6.986629653374443
6.912158226726702
7.127855656526764
6.623703312819195
6.920388303722612
6.9914618106131545
5.833993151624327
6.05701744040068
7.213451970433643
7.946244803610946
7.421448636770893
7.721628808439457
7.324062721168188
6.7504439003513355
7.366261498952626
7.84591627857037
7.7392422449963
5.789297692528938
7.937213290448063
8.533377603868319
7.45418443801089
7.221034421578902
6.387557210547869
7.894195185598865
7.390588110787817
7.413102783589933
8.366404763574502
6.9534646982931925
7.909452989841174
6.562996072276594
7.163602587345436
6.9923385358578285
6.810079000737388
6.944263853310355
6.817009153449293
6.793736951008365
6.971653318963662
7.126286430864336
6.609537480945531
7.140500217752932
7.252824071728768
7.539452165385104
6.6295114183159
6.7979868635199034
7.034794932904532
6.4683796934393705
6.347980631075351
6.900100273240761
6.603334693725777
6.914917686481006
7.314628373283719
7.018066191454567
6.4735347293477945
7.0144975585483085
6.862196174111491
7.45733867903363
7.388962966698399
7.405219598841272
7.306820152154221
7.019308178587465
6.570029469453774
6.571021726630705
6.408067984911684
7.120695361581234
6.809936511771486
6.530692002848407
6.72260190186743
6.955129690539131
7.368621473518893
6.0474390127785504
5.811234648433885
7.165724771738681
5.920308212160297
6.5352330500074025
6.50792705404953
6.745593360128698
7.050080592469223
6.6714053464023015
6.266561242868372
6.305137922446161
7.2248189803554075
6.169910936661217
6.870241232706862
6.921503211254384
6.220094990565824
6.7968932169707355
6.57009765914101
6.564038726631057
6.579174383138548
6.4914151209495
6.549976325521467
6.686119768226829
6.194476083088246
6.725537531492618
6.895870702988797
6.0989068481994435
6.541129857981224
6.685149836183793
6.231243521898565
6.456327774516233
6.535919621696562
6.693477517694102
7.044815753347392
6.543929757828358
6.2629318656417805
7.270028714907967
7.040811857741613
7.223956524279217
6.142662919373665
6.709039137078091
6.43775533502678
6.537367253966674
7.088539911294987
7.00367673297991
6.198930801066474
6.808853263967927
6.482499482442479
6.171580932705272
6.391414405513921
7.147351053285638
6.031156744150879
6.695032510798386
5.996024380715055
6.6654338014598
6.650946151307605
6.6014876980336625
6.777200133406644
6.085010048924257
6.655006923717702
5.923439091878217
6.882435509166359
7.002418311128964
6.024130289545963
6.60591055746246
7.174111402806819
6.708666805211317
5.981755465988947
7.218267409589768
11.506569428137743
12.89090430506899
13.017542820309444
14.044681910691144
13.769256594154317
10.018898592064671
10.062308703347863
10.796959403014258
12.159125557895031
12.379630571718426
11.765969455723987
12.306669543650012
13.759595300313755
13.641507799332816
12.083051685386776
10.049226195749844
10.99200302549151
11.716935236934058
13.746858996699743
7.397622794038581
6.697004720756302
6.5560795403926475
6.551464192082919
11.718542206973488
6.460668598245556
6.939802954771322
6.858093367111723
6.398448489904092
6.86840495022219
5.836171048518082
7.403464631593194
7.847186466537249
7.478676087710627
6.006514670068903
8.291181395671911
5.636117067040888
6.4995304895969275
7.908148009861088
5.383381480536796
5.992226902192719
6.4090047938220325
7.311894769336003
5.617890771767894
6.2399297740529285
6.67850270518551
6.451216314263831
6.668275865938171
6.639334325061028
6.278418271398715
7.0869691950817675
10.632586300775714
5.9639696543251945
6.541373617659421
9.022039883290999
12.820463336912152
9.484744284692015
13.341539007402273
11.803819556611856
12.455162572782186
13.399170212475493
9.738181613679963
13.093937956217763
11.911207735610287
12.53581679349528
12.884582712927324
10.278199334452918
12.951263502419343
12.182314563819052
6.2215067679844775
6.531829201402473
6.758233391109559
6.3820659409840985
6.252971359028749
7.0594936241009405
5.832357926513158
10.511290189775757
9.285942770544796
10.627378371648481
10.3724304370082
10.536694948500228
12.08761851307076
9.825828210492851
8.630026874439475
10.998180273752258
9.208722815770761
11.524379918871091
14.079738469076803
12.705739949817323
11.135166621656978
12.707215984375528
13.192416216086526
13.076374546633287
11.398695731437611
11.570733157885037
9.752907985218764
6.5276488535309936
6.727529679396796
6.887070981495744
6.538377814151332
6.1931652360239555
6.497831211639886
6.746244357142208
6.05301858186833
6.415049620722552
7.128381810324277
6.743106328317135
7.081887965351943
6.74328361132612
6.495936250024862
6.349772651909791
6.893147250911495
6.540317707227396
6.588874817573295
6.791119323459532
6.356050618019826
6.533976411855497
6.651417121223347
6.72996067227417
6.364092138696557
6.784946895120706
5.9634257700662126
7.003713845754928
6.6362703688217195
6.039753078604762
6.5354824819268895
6.884526438328544
6.589264875673051
6.938175620022306
7.138236222607897
6.284022653967111
6.29830115625402
5.914101415855042
6.396761238336527
5.624380514267143
5.717288513830623
5.731062050285738
6.4795248173355855
6.536013491778054
6.685460750000244
5.514236632551155
6.551586247852027
6.6239751013317605
5.317107393454455
6.398919579973344
6.511836740433713
7.981172212051051
6.044271984558752
5.867745431881446
7.522870032324854
5.2012905993847225
6.636484003850298
6.9214138574362085
6.663952617717235
5.778138127862616
5.892778665465713
7.1076653179269345
6.256877532603977
7.1959861301323444
8.051344005325776
7.786731971216365
6.2290402307070085
7.07471136440297
6.420067621489012
7.040587210268821
6.599211865260742
6.659601908735658
6.3751967732189545
6.727624510237674
6.069981711957678
7.262417310470147
7.946336998214033
7.4161152744492
7.669706793359911
7.043726376096642
9.243115824579546
6.951284028885213
6.967703866578762
7.700604527539947
6.863122424464551
6.8593882761577145
7.522155736053088
7.701769994291535
6.866799943142285
7.016144919152256
7.068754124150708
6.735310879417864
7.4178026828232655
7.655880381668501
8.302740540929328
7.755548642602462
7.074411312706482
7.426967865959615
6.883019551157482
6.048794636030417
7.010585394362677
8.472310868618166
6.800790678334642
6.839928963742742
6.834945168232532
6.215908092571076
7.264514149811374
7.14949843588435
6.91445460927377
6.969023311384109
7.3178072032929355
6.80277162744554
7.254961839719376
7.139275837264711
7.241625787543012
6.587882174916142
7.471640688432176
7.824254517687477
6.9249188722953825
6.718884903962942
7.104079591151045
7.048332821131066
6.900503321237293
8.619250128408304
7.410649168757968
7.605830020283931
6.624053191312674
7.28328044234859
7.152686151573798
6.740604029855019
7.6620347582706145
7.559522309944739
6.899129201896192
6.798217710784689
7.08123959421175
6.582381978908226
7.301766142791908
8.751277322915136
6.572768269699776
6.920838629924136
6.2227931575782085
7.2861419259709415
6.846508826214815
6.902540956836618
6.35986000387558
7.180085439587586
7.6110939121691255
7.734264657217645
7.370511242737493
6.875926713843547
7.188773540431271
7.25051986990345
6.648938038849026
7.181221999794871
6.957326073818492
6.758992960764366
7.240671089738079
6.587728926644656
7.1165598319870575
7.3061997461738075
7.304437702446117
6.510193409326121
8.371147237900038
7.189491297563788
6.930706226617098
7.197203618838706
6.25162722546728
6.178550206145202
5.962441729910614
7.500022374202393
6.113114465166053
6.903292785964237
7.807363896285105
6.742155360430276
7.023111120459394
7.343293503753436
7.540060623216688
6.646489434685652
6.65809583287626
6.909583508764568
7.888421277478102
7.463888869761421
6.943466196131904
7.108705405597202
7.346300229637272
7.29900387286588
7.5461185400597985
7.2720591439192095
6.612076786743533
6.929486015666679
6.497919167799145
6.700906771561702
7.3034056754404855
6.776507861913511
6.103018803927702
7.310081078587711
7.417411971817567
7.204045648633673
7.611228045998678
7.2754380972599995
7.753989867492857
7.339963979735803
7.750068349224318
7.282357340843802
7.803668522369334
7.305001784383415
7.055216344110187
6.734064212496731
7.447402317574699
6.570176806131117
6.523805343785696
7.367461811324495
6.879206095309287
7.464502657721148
6.761228783836911
7.6169115281208315
6.769781774601965
7.358063301579752
6.723168442323165
7.071943279586612
6.619287079816766
6.771897089708116
7.787738487550559
6.905615698666886
6.948723073682835
7.230642179072316
6.812419306284209
7.367209054370028
6.852862547771153
7.1673787413047805
7.035614290854477
6.702874467377296
6.84870559114051
6.991659022028212
6.796451174777745
7.138693293899671
7.5366087617159385
7.554957386196377
6.938953623205931
6.672150876855112
6.983844664170196
6.8738837424400865
6.4647947243983435
6.422155854529213
7.60248643187854
6.92018034819661
7.451138692596417
6.983788402833047
6.836551349257684
6.845027565291207
6.92621678652561
7.135505453242129
6.5821301203941935
6.846555666042514
7.204832690986136
7.096728086104607
6.5377412217210695
6.85120098805347
6.687368314571894
7.390941530691944
7.233467008710531
7.882124267882678
6.621895405642269
7.005067674279834
8.006462184004812
7.356322559804876
6.688779130604792
7.4658142177754065
7.33220699108829
10.279008202744162
15.019018104565351
12.82027238170914
42.23435974752059
42.18264665970107
41.13714950862149
45.155625957363796
42.37725476199785
46.237798615973404
45.20488403657413
44.45186908805444
46.03035658640576
45.86204705570544
63.085464958302026
59.24725823456746
60.95054702983989
63.72189362611464
66.0562690421017
62.08430137071261
64.19433604592786
64.91118644186318
65.09767720331533
63.77484731688002
64.98668154123315
63.98644907566799
62.48965762583282
64.35035676191356
64.14008951786197
61.79697682374174
63.338921682616146
66.90662507281466
73.19479480869666
70.27663236720154
69.82588345886843
70.24128682936679
68.02658367043671
70.5916504009185
72.7417477802101
72.36020907744093
71.69929010014627
69.51883363114905
73.12444083693367
73.40090498990521
71.29341108058861
72.88715865790351
75.65352248384174
69.73739326512917
73.60137488201534
73.99071100621094
73.39905730794193
69.60067910332181
75.5658980762821
74.03610097240428
73.9870675181452
72.02563389873377
75.41859416165647
71.90547775243614
73.04565136298683
73.37155105567052
72.11706152166795
73.8733839980328
74.08278304448805
72.22832802676955
71.58677238024983
73.06129889382667
74.99043930280642
75.67229638504848
75.57802858442183
74.2673572892353
73.59855289915009
73.47772019154789
73.72675836422134
73.6060422277146
74.09381617396178
74.12279085004634
73.94175496493754
73.21090861402739
71.74681973215134
75.79065951693407
71.60286712054531
75.09782836160356
72.90207471682574
74.796456826847
75.6556117689078
74.41882092539464
72.93022011455072
75.81479230497978
75.25062703162337
74.36915462824581
74.57588275562749
74.91085511946882
74.06524963602489
71.14238460059457
72.40209540060305
71.0200634621948
74.08977177304196
69.37519551080736
74.54554584495405
72.56932761920879
77.86088103944874
78.25996036235044
77.63876110446978
77.78808641202941
78.39129712175982
78.64613221287141
76.17772175732149
75.32149116894809
78.86529110446304
77.18651107100436
78.50167011587688
78.72265928224233
78.14625584790684
79.85716252925633
75.4284067732863
76.82216155891473
76.31186631239181
78.36242112561787
79.78944469031016
79.95361001711376
79.54826552360558
78.08236705930831
80.8124040057031
78.41283675238894
79.66531203428552
80.35741280626722
77.90549386525204
77.90799122983329
78.98718205256044
79.06518888953025
78.8040434763689
78.11527643376829
77.21102394609578
77.22972499095913
76.76627587355857
75.67226775025199
79.7066434652576
77.2366529026171
77.32551092043494
80.74909280059586
76.57264271750931
78.52225347037752
79.35497579635147
80.73111933551883
78.26833421026832
75.92296002293183
79.76655659464949
80.77735205945096
78.49862727083656
79.07129739462779
75.03885885983931
79.0459734395879
78.37577618885604
81.27188175788393
78.49066708556212
78.3420454500423
78.3940599105555
77.19389295091896
74.77955727541257
78.49221733182847
78.38299640919216
80.18101343039993
78.5073727817058
79.25415528474565
77.46260669718183
76.68453030431519
78.52796580011388
78.29314126859337
77.36718833396883
77.42831766245577
78.99787769531227
78.1365316603952
79.58279955072749
79.97779059254026
81.55758202549009
79.29698702385748
79.39477956716945
79.56967544457994
78.09802160568431
79.50187292986416
81.96187468323629
81.14611749672058
76.91546657785085
77.42444576427758
82.5140907893802
81.84063333363724
80.59254971953294
76.43558735012353
77.95020828345262
77.30751167326314
80.20819289111529
81.91511641020757
80.24263303155429
78.17397239022323
79.48377300409382
77.75021416983395
81.53358377247397
81.02493343068991
80.35842271631601
79.5781000385804
81.67222224343985
80.57895882527285
82.14526292446403
76.95890518287825
78.3659468621091
79.34726242415483
81.29550906320084
78.88779924006647
79.7479152363865
80.35637459874705
82.34686032992076
80.155225639804
81.36969886456815
78.66071738740138
80.95326883706161
83.74371179413005
80.70550936966517
80.36609984277204
77.91817055413195
78.9421789081078
82.99880884093577
79.96826542475587
83.85177008865594
79.71839149309405
77.70056237622047
78.73969280263991
81.19448005179852
81.22405027376605
79.96083399110402
80.39155101743204
80.41849776909532
80.84273319268586
81.57614254357135
79.29681303021543
80.90821146082722
81.13371475195919
81.69340137271546
82.96217961774614
87.95732464715145
91.92259766231986
88.52868768777807
93.88314965136706
93.83344969840144
95.5786089271065
113.89850463102727
121.50486129648826
124.60450887424011
125.15678618744359
127.10313929716384
