>0
11.091510138957235
7.734781236216773
7.616811536934668
9.452812410560412
9.03865676189913
7.6431863110747535
9.883235584433502
12.555113727458092
12.227061636880366
13.062657607577725
10.146232198297652
8.227192387100997
8.45777311011694
11.945868214375206
10.335482779041678
9.01985278778452
12.144317453616207
12.221954541486337
9.388135307012858
9.011467702520514
10.658919981989703
13.927672826613039
10.982414812243208
12.14780528795536
14.614431140415034
13.073399347114442
13.719992000974859
12.457161058729202
12.532340268051088
13.828177561331119
13.677017011307152
13.176583879764221
12.150157005369797
11.689440740647056
12.63287465485933
14.102443857231084
14.469205133737976
14.24692932521791
11.866681382863622
11.513866522984342
17.50054129418991
10.362461384331253
14.923955671291344
17.956746634280893
14.447803835197032
16.480450884455617
9.50141647531172
17.04399405243056
8.173424286170922
13.748888121088472
12.11657101630021
21.790907197350975
19.026589261468835
18.129379484503215
21.329168434485215
17.188760560473984
19.64173618227046
19.222633388278453
21.656692595253194
18.243499927273486
18.252628757726313
19.958277757459808
19.526450069569506
19.957378027478164
18.57452821507563
19.37727054897171
18.838594467969514
18.569403737334028
17.97385063995598
21.709012953228967
22.624053297270645
14.278949350353848
20.621596239194435
10.641468285943056
11.573867948563786
11.242332635407648
17.46131386108896
16.998439629438934
10.563903958113393
17.23002029773987
17.05351616180358
17.397289778148327
11.594212403533824
12.417844692573757
12.652205834532063
11.800054647197767
17.269821258074685
17.34596002494262
18.037894341518147
14.281080760305587
14.279397511294547
13.815673576093456
14.960155637974566
15.672227976949372
14.061862222508354
16.29262901675525
14.583006053256524
14.469521008479976
13.716540568836033
13.716906217499165
18.44756577406691
16.44668861312304
13.383391863738515
11.819155910627565
13.564413886859212
14.081009126730185
13.475788725099179
12.402299881026027
20.091193424021032
20.45458627325758
19.77800745302614
16.315208047322145
18.563363688918336
17.94414135932791
20.775887397436335
17.8848600150119
20.486005313851972
17.224842763207228
18.988428453183637
18.39209119578095
15.117528416921289
13.599270365985172
15.917095770062533
15.905396709992452
13.331320433926717
17.066601129170426
14.323765303458353
13.893384860467167
15.209326207580023
16.29764717787737
19.632772404534144
18.295669407752953
16.59402255576222
17.100105323369196
17.23614307953822
14.051904143485965
17.568619785872542
17.762944593627584
18.4515479944223
19.20431229049773
20.11481727341476
18.774684088522548
17.810909319070024
18.26065753822519
19.12345891648633
18.81888646883444
20.312968442438763
18.143348013438377
20.902968388963036
19.581656580297473
18.577416209073995
18.328131362922136
18.73861997716417
19.675857391617754
19.018248795008972
18.71184005683075
17.12614968676532
19.32618043046495
19.56318811919267
18.07756131271355
19.150276919286
18.815111679571547
18.745219156044715
18.018939123860186
18.00519211222836
18.471524896966873
16.287301382359605
16.56948152170566
20.536329665508184
19.444880045171274
19.658234369812483
18.16220818301493
19.609319350892928
20.266933103775607
18.940474771366294
19.368880356370486
18.472717538049714
19.349987970958612
17.923890384681535
15.128780541123916
14.431951860261378
15.346847070039878
16.368794497394454
18.93708283861337
17.746037135875557
16.229831921371236
15.18180214639535
16.602631655738023
20.30861306126093
19.977681239293002
18.660997906586218
17.645373511186932
20.327554111187013
18.338002642616253
19.66903210796959
19.14431971978252
18.983816745527555
19.235255561933
20.557362511729814
19.154422345242242
18.745094616869
17.756896049113774
19.83797534099609
17.441398742452694
19.06137333821913
19.82270653023235
23.7101855261291
21.506451483630435
19.794377243108986
18.624730146906117
20.056222635754093
19.08876820767415
22.367396746206698
18.684971911596747
20.14395560405577
19.544522193839153
17.555778515072657
18.309849917569103
17.08534370342278
20.020642521833874
19.59213362464443
19.155023525384166
18.958866878722894
17.797340087512822
19.52576376800118
19.275809821157917
19.038986261747596
17.31668063191047
19.240414548050314
19.56956597349708
19.157698951652595
18.34140247140098
19.096584193772202
23.40146736715152
20.51790009182828
17.734048558803128
15.625824477824743
18.352782161551442
17.614979576514973
16.93893396910881
16.929682559675317
20.74605447142139
21.141105762087868
15.822976721580147
17.259013293659578
17.591452177790625
18.21031069268685
16.182695271948777
17.85317413202662
17.03646333620568
16.467654287946498
20.496288476999258
16.077691695512016
17.980596877391857
19.608542948510987
20.366136778450315
18.881193037243566
19.33301815294431
19.839268234386484
20.744754025867522
21.327894428328968
20.11338600733603
20.796189693655542
20.5415597277927
19.225433008435907
20.794365720571644
20.11886940754228
22.345812913876802
21.360787164095356
20.379219074118406
20.497597433444348
20.77789724676203
20.834202547047493
22.08142210648947
21.915933028169757
22.06257449985507
19.435161000084676
20.481859841981986
24.49661509497254
20.71436320927171
18.781456410389143
18.824132364390632
17.57646808768909
14.063542136875098
20.244256535198154
19.1160477395666
17.590934496133872
19.80951810307949
15.847101670173084
19.56492033501393
21.337637748521338
20.74233935016321
21.52566046143811
20.075769273020754
20.837299981487963
19.6609410297763
15.854842311760088
19.000044183999425
19.074991964897723
19.301737052128516
17.318889065710554
13.312040699883525
13.9418876272587
14.115438514603843
14.126957370697776
13.353067501596875
12.65046842820615
13.47020029072688
10.203212575176197
13.728136130474489
10.188234830526545
12.239903634043717
12.22335630652439
13.203861358192373
14.747827066160664
15.702902515616579
15.11704877850515
14.582459318174033
15.541581948704549
14.085163174707349
15.434573603918048
15.06843016966795
14.687962482369146
14.578672582493022
12.572236914016083
15.80743960445888
14.30849851485423
15.749090685574004
16.219201074671723
14.56583862306806
17.475722866784427
15.761354301097859
17.250912541379847
17.276473840252027
16.104259788441308
17.575947837539143
13.87744741003257
14.273483070662634
17.171657761393472
15.729893681585745
17.527904623694198
16.491612119203857
18.16424775668499
16.880435784407695
17.575762241673168
18.122663732577895
15.048678504137635
15.993150806425298
17.361095431039235
15.928129412597231
16.08184384338977
15.915397981202718
15.635679445890682
16.64547518757786
15.130783170187243
15.606835634269297
6.721024639225605
15.368096964925279
12.227508140377267
14.412747786986179
9.013515823485255
9.310369273067554
12.291708724774455
11.40520904134999
14.465576500010703
13.908963705845656
13.961402238796934
14.532728454704522
13.781990901460071
14.184978909051033
14.57259190577305
14.606250359943258
14.262541726539174
14.320897918664667
16.192983298887217
13.630674658645049
14.713388714163044
14.30969635026435
15.061943975362063
14.92755442968299
11.9579190790877
9.868117391008258
10.558376781703966
10.05486008056177
10.731236352383121
10.133374850946247
9.985161250097713
10.596069651257181
9.810946276559633
11.29282175474713
11.881319486976235
11.381046910475963
11.40814887639941
10.98110175097929
13.224956259301841
14.861233562900072
15.49918148146638
15.786871407082268
14.926248953595573
15.830823327605891
14.576352582050154
15.827473722894844
15.308908391748544
12.207463480273525
12.603123820251948
10.975860369622955
12.157181768722477
12.548387052444692
12.020133438888346
12.934175513268928
12.333515920692452
12.114841321121192
11.09194368239114
12.78278761547366
11.440323935438526
12.88424148315253
11.44129610200735
11.345466875265316
11.79232847397558
11.383963485477867
12.161873359109078
12.527149414494344
10.552026622957586
11.527008070010002
10.506937871757163
11.948502476304043
12.013198550282722
11.685158113462485
12.277071455727777
14.118378382963565
16.764341156989154
11.508200486125629
10.69013667666117
17.302068774063276
14.898381436147217
16.46679969428043
21.54827999038442
20.754838628319312
20.244975986435954
20.015276777764583
20.288543170647817
22.49176382088614
20.00114310253598
20.24369523666926
15.239612840249046
18.09016098900148
19.598818073266347
16.176756831517906
18.674662527011442
19.725972342788392
16.767498508612167
16.8521965494855
19.79929148987578
19.42508439780342
21.95909798266471
22.519629820896345
19.980012717758687
14.655687859689312
14.879763051301023
15.076772541323725
16.127859521856838
16.153347822112828
16.69094455561355
16.326683827612225
17.027988684653874
17.58524891068599
15.601788889445366
17.04790749490646
13.28678552350382
13.533600304613849
16.32432210258556
16.21551950749484
16.915269613987842
16.286417135101786
18.567966175133417
15.078887183508513
15.640847861447284
19.661914212471395
16.70851112510523
16.816124933219633
18.834475553510376
24.22812904377822
34.51628283492302
29.56278013080687
23.19666577884175
15.095419323072218
14.018227062315669
12.978901222815203
11.10044396646434
9.844265240409188
9.754098092764057
11.88144816604612
12.726594666904523
10.693293782114207
12.371123929313296
12.334202433333733
12.199890584054419
12.182214435401482
11.714255673534973
11.177598404386396
14.08054473011033
12.203093289999028
13.453074936299
15.194386995472968
10.818551542898094
13.532248702596908
16.26373701167987
17.611143123433735
14.319586382881752
14.867479262312312
11.526319060639404
10.253856117750859
12.934726645402716
18.764240038968204
14.633887058264241
9.629446319679179
15.740449090226713
14.296860179100518
14.210853724787084
14.57913481459138
18.3311181898342
10.118450758740677
10.332899363285946
9.789629402360779
11.900608783603456
10.480821846994198
9.952289560158855
10.7181810344441
10.268657257999815
10.434376558996036
9.79603085381561
9.550584073874694
10.400835119075131
10.509011898118294
10.474440737523427
10.28566206414764
9.749922382771382
10.240515740462168
11.653941178073746
11.21204349995859
9.970914164545123
9.932852851683402
12.667718352429224
12.822410497453875
10.496211542473949
10.208354027354556
9.14648712309651
9.359121675540012
12.92146976333509
10.0681684295846
13.369541780327832
10.286196128925926
10.068834919679013
10.75287494837767
11.847457626719477
10.116733039319193
10.182131113600752
9.985414658412083
12.350633099602517
10.18225691258776
12.01064627933649
11.237184874306424
12.563114432625152
14.01370591822393
15.620991493996165
18.306542431848673
16.31291054924556
14.69687850204662
13.971174815450318
12.7448408196813
13.032564024916688
10.494942314594768
13.480572030655825
10.633262899903759
10.416541258329826
10.828963502476302
13.808943809278666
11.621327604736349
12.441503977784423
12.386496897303738
12.967745227819902
18.332641493673403
12.778788435789908
12.86974187861506
17.644729346965683
13.713940314054549
15.18022596186365
17.548778455103218
15.0310077220939
16.73207170752004
15.611116714131333
16.420835307963085
13.067304772526564
15.499661665609375
21.55621359581159
18.711772458690206
13.715310366026744
15.001237464768932
17.92224424402669
15.052178863620913
16.653276096680216
16.82640747706035
17.142814596661008
16.555334334845632
16.208021330690304
17.168707277204817
17.22616333257174
17.617236547043486
15.800974126568393
17.035886574233626
17.079715226189347
15.00274274144133
15.298281406117306
17.78912663998617
15.862577053228753
14.918472869539103
15.82604572171062
16.56542731793993
15.447991938729118
16.072960098858367
16.429086682040612
16.459753127208707
16.523835876149363
15.80503275282815
15.377960954072746
20.16555698363858
17.25061485900387
17.557792630012855
17.297898203165136
11.592783018659993
8.857344676364319
10.97034098439043
9.792768117619056
13.239780454215587
14.660821992343617
13.558311669652834
12.592980412195333
15.763692062706259
13.085365309825393
13.551922348828414
13.235010987935025
15.159942263645949
14.88549135730074
13.468090858414584
12.927198128945763
11.29288017402594
13.903122655391627
10.539403489813893
16.807178969114304
16.20899116900888
17.11615138529204
17.14004085466327
17.350464881473975
16.923774261840812
14.856543179926517
18.230675231276138
16.772575053787925
17.54001679466394
15.320836491267338
14.97362121167232
18.113229775451384
17.410148723812984
16.170014808114903
17.586519407728467
22.707830182814288
27.301183518865304
25.053617555061095
20.293223820134195
27.785110182986333
29.973847574791183
18.473310754555456
17.9990064612179
20.109953057995643
22.80361682478378
23.534210059060285
28.00775802372556
28.743668143461246
31.43450249031877
35.85456756206643
47.351392812473264
51.54512132065817
55.479601437153725
39.67659998544101
44.52934270307314
34.01295682761781
33.51712381785647
37.26880850553531
34.55408994050625
34.118780703008106
35.53827018147319
37.069971996637626
35.88578145841643
36.66522189126886
35.249815334581015
35.78834062915468
34.682080755479326
34.66343022317447
34.7969478624852
35.65280916011117
34.40220002966648
33.91860970280432
34.19340258557473
34.27895550024668
40.11970310392529
44.580630078831135
41.92754611226009
39.80142795915942
41.24154893893281
40.7502977568722
37.99321353293701
38.41329895638751
45.24732460473406
43.29143998748427
43.82400291164041
43.23832436292247
42.47784284656743
41.13600396617922
42.89021597957877
43.03215517295897
44.827924827669555
41.814176542273316
41.169774826908146
42.23867705486128
45.60236169912722
45.11067009650785
45.35876266000633
44.22462811022922
43.87589509025854
39.967274261663086
43.779288434811114
38.98521346635993
38.060228561469415
40.4624018229893
40.121094405636896
38.00906769923947
37.183523968858026
39.61967865192956
35.37252160813661
39.287396545961855
41.09886757805524
37.11077152154012
35.64127405023666
37.27818699810406
36.487045385896465
39.54083561769428
41.758613912302124
41.92388921690109
42.679413401594076
45.10704749469698
37.40373845687174
37.126646729321536
40.72854758589856
39.99838772618665
35.340201001646676
41.49479508210291
39.116967284207064
39.88475522076374
40.96940240517315
40.147026565904184
42.87060603542985
42.008849928325944
41.59501540750127
39.311954523460734
41.05256088610497
39.822005553526346
43.39018876023508
41.56536864673304
40.17248329033567
41.997403314256104
42.305280614891274
40.90851835109062
42.05746333897635
39.6554841428056
41.92621130063607
39.97132380876531
41.856094967619384
39.283612494464066
41.384527729494344
41.29597895576592
38.41039134423772
43.34887549081338
41.23629632847045
42.12268614626026
41.72018535153984
41.022228675817665
41.08251706172502
41.686377466354905
39.50633247606788
40.26677976629371
40.29602411957326
37.78725209004685
36.83145340662056
36.91618805461869
38.865462443402194
41.14912552216869
39.645890665654015
40.372756938334014
41.56570076735813
41.66254929567552
40.676946555156725
46.11151749638155
44.477813833883644
42.887080443870865
44.25419691668237
42.021678152349935
43.4999505891864
44.505336016766535
42.87960655481527
44.8728439038184
45.47135814125484
45.92869630378383
44.46797393295775
44.637232129190096
43.982860279348166
43.438713932535
45.780875810957205
43.89268650265328
44.55782496298573
45.51839262436931
44.01763405937213
43.5405212797822
42.614287393796396
43.18353583152611
43.311142576531346
43.53205688841379
42.61253701345405
41.41968908932962
46.59482773383842
44.5308496653355
45.56699136103267
>1
11.473656794900029
9.277060611325771
6.775282564396348
8.560686675265293
8.746001979767273
8.682520624040947
8.652482791464495
8.907396490485828
8.975651148115592
9.238796426545091
8.77620264093982
8.78577240600479
7.9839018567034055
10.153060272230187
8.66115624338747
12.20142652136643
14.11326477512697
13.08985073806579
15.203541593760658
13.989525045563768
14.09856256662804
14.61108118880422
14.461899219180964
13.257468787731042
14.922040464975712
15.591964305709345
14.65103311773578
16.59313415294615
14.996952267951832
14.245818315244785
14.889474664747132
14.493101158228253
16.147025259254004
15.762169536206345
15.672654510398921
14.522577444523245
15.581624785428676
14.316339867610324
14.42564198369329
15.399367282253124
15.963202091759575
16.0776543999295
17.0048883111909
17.070691908644903
16.493427226751223
17.5023977390635
15.903239317158047
16.522835661992445
17.25426926091976
16.203109521620306
16.320490118590783
15.871780651149985
16.092563547133405
16.812714267422084
14.138373437735416
16.64739496471011
17.71348009535657
17.16741962820669
17.700128130804288
16.979191016886997
15.852703523971861
14.515415333131441
16.288786847126172
15.459025902607163
17.59436490529883
15.438053073875789
15.99698389973071
15.345299578495435
15.094381022873153
15.930225583823098
14.611881858614666
15.704271532855532
15.612767923558367
14.822602466794168
15.670367639098773
14.16088838314017
15.474821337834033
14.839259025023576
15.212783842471408
15.229356917644102
15.666748223796091
16.408068872382565
15.001572200041654
16.36560480872584
16.935922839745825
13.895390527423055
15.081619164817647
16.278291165522514
15.337254524714258
14.136779788840084
14.165595843594128
13.387867348192897
15.487562193999034
15.617220741197986
15.478397002414225
15.55189801091547
14.8708431890573
15.0767113337888
15.675025022459993
14.661048161058678
15.494583279041311
14.250589806981482
16.078423418353882
14.284954412346368
14.365094040395745
14.56814578050829
15.008011497748718
16.411596573748355
14.519972579123634
17.356819369785487
16.573743502089382
16.840960010209336
19.231103411105753
17.450592633717818
15.716830784169938
13.95544884455505
14.689928471016371
13.273187564828893
13.890593676268763
15.239202564096688
15.27908870217754
15.823410244176142
14.213662484739967
10.848504901886077
10.258696045825621
10.443014130653406
10.878756663943957
19.356491109857192
17.19748966310135
14.30420600425199
12.135934315235694
12.754176069812866
13.098135369801984
17.335386076041335
14.675651223143362
15.331521142853553
14.333586288897603
14.624473472458222
14.620455820206582
13.992990895748282
14.775409793572681
14.263772973324606
14.47761373967025
14.89402603170829
15.212287447790533
14.901366168952531
14.865463524426037
16.901428832802306
20.30559220657849
20.36729496218206
16.835095518546385
13.001190844730592
12.443607174940338
13.779948261535008
13.993412959472868
10.634131387555602
10.426439887447954
9.852268807833198
10.382447646399733
10.619702903430257
10.945353943486253
10.603725824677097
10.094192694370344
15.94727926495473
12.914294428319648
17.690908786732734
11.853495324402596
12.381875681936496
12.43045267872024
12.225989274345867
11.324802792053527
11.922269211342343
12.134394734634714
12.891732591531248
13.772634729546096
14.896495446686277
12.399215857973704
12.864686202787771
12.259808495691319
11.972998459759198
13.081206557956168
12.251793779287796
13.741155687348611
10.246456065841674
10.11526675387555
10.323911213582262
12.641204552535346
11.523572326123704
10.598487191988305
10.353959760554687
13.278771840730794
14.078040108850784
12.837903950782817
15.118194229601022
18.766303880257215
15.359477723260836
17.768519790817308
14.049697464644083
15.44010926489075
14.131819914611317
15.757790150599766
15.717663089583521
15.803278876068326
15.212406518513927
13.431454607669728
16.046541573122116
14.272172937936196
15.47251953868298
12.887944175459573
15.544699912286303
14.1412223540459
14.56460867400734
14.874295678526707
15.070093680031018
14.206263193269644
17.0881828169401
14.636831365533725
17.05613304201598
14.860592487734094
16.19934720486169
13.60708220217264
14.333855464036182
18.31487972904939
13.290967245544325
15.75788443150239
15.623259406923511
16.97778755311879
15.373016373962349
16.95395291311158
15.564944143432301
14.967428633626199
12.03812481304151
13.495438408920107
13.524251577397816
12.621785627093425
12.945911436086835
13.917116108048553
13.562300325052744
12.752597228236663
13.82941456706379
13.649695666252496
14.027459782860527
13.204809675554424
13.48087350105282
12.724108774542692
12.864130917088458
13.956068831009512
15.106310310758937
14.188341745362985
13.268625892432384
13.499873418014348
13.51774217452341
13.48022554309417
14.372817839368489
13.95670300931868
13.21795635984973
13.419105688296495
13.17745081530503
12.846724682883933
15.595815731869568
13.287308914486212
13.737746462677965
13.647411256508228
13.705205644810256
14.149825152164853
14.302045037667817
13.971365503118776
13.003238247763763
13.928975552143783
13.852845083229623
19.55699843417448
17.368294948011467
16.165351043287203
23.458303293109847
19.449627268653625
19.625102503658173
18.178656138807096
15.824934662748413
15.63747460863831
13.424667813134969
13.95641525778532
14.862264669596925
14.411360183783167
16.35317478186863
15.607811582973952
16.423563043414184
17.29680701401641
16.910873000175563
16.070332118195576
17.150137730347762
17.32009464076377
16.49465914209209
15.310892568384226
16.49349507060379
17.473590462233158
15.162116310053294
14.742029044864296
16.05707489331053
16.087766712138745
17.027454383798048
16.120959420618522
16.667065654658003
14.702131527391487
18.39417306883239
16.6947681424165
16.741130570905458
15.054154604385987
18.08448847807601
16.120959203177478
16.458683436364986
16.70779222211328
15.567508277333998
14.187262264395716
16.19066344486584
15.811521779914376
15.175282358881208
16.356302464242106
16.359623625866522
16.384660733753613
15.997629338528638
16.783814083015166
16.857665823740515
15.147795001056169
15.499596268780286
16.565674021117303
17.163436812272625
16.0489990924218
20.039931653203528
15.673374553811307
15.37599077087212
16.18182442796495
16.23576145750558
15.679105542028765
17.312470181672918
15.67520632017284
14.640745466360645
15.3080044423613
17.255065420338845
17.145337530212416
16.38561852402652
15.049913712906145
15.650050598513008
14.067917342586973
16.073808663751393
16.700996975310016
16.60166070366214
16.97777674230796
16.115286124913382
11.940165636959096
15.129253481824064
13.64315663322897
9.294670636578726
9.098711256225727
9.560491457653344
9.464040166437421
9.158081018999335
8.48732888798781
10.548226534636525
11.65525738872755
12.793237740189722
11.149877074158743
11.898717995743207
11.125247025597352
11.563112086897533
12.00948741873271
11.593287136068692
12.061200324959948
11.82664587899367
11.053931556882159
13.46954509999922
10.889673650072107
11.151611848553811
11.043941906154602
10.877964714081429
11.785165229531113
11.540482366885682
10.635569884471526
11.47557658922638
12.15043357460402
11.508201781978219
10.591349163286948
11.11982477571558
10.357291589963143
9.540821138679881
8.113572159216904
10.594770399307285
9.068710005903775
10.076426491010663
11.52484029689301
10.73749097153358
7.907307566907277
12.349553342930223
10.724852549243238
10.706179604082878
10.812320171119643
11.778589985245384
10.967465357894266
10.141255081172941
11.092489814038975
9.566902989468659
10.276367406090875
11.147968330354725
11.410021401731395
10.543410835893674
10.852412243308384
10.6419861897785
11.33828897847103
11.708658384969025
15.245472827508918
13.802812578260196
11.41171370141985
11.882082173611177
12.842475531637904
8.624961465446185
9.053115889915619
9.027057026510107
8.252845868864737
12.403004339772869
15.01692711182428
14.31470423809239
14.336677273951818
15.935458057715936
14.776041937526186
16.08371559928815
19.140468156898347
17.16548691131834
14.525135751756109
17.02079812168316
15.164418103702811
16.12700385636899
13.887683861531908
20.796236518760622
20.9116853977824
23.466543945304846
14.56332116114938
12.382513276476338
13.954007973209324
12.01121491659866
12.855679265096787
11.408822202598003
12.82678652018888
12.897522267881959
12.869215585095997
12.817798690998847
9.818395736521666
12.722110614393822
10.827279998134165
11.152008425867928
11.418127920609518
11.978868240856897
11.340111065216357
10.909424383470697
10.221504748410139
9.670374043353052
10.616062262265581
12.1088927861469
12.1306409609445
11.688539779711896
13.121140035544467
11.59153059164363
12.048489272971938
11.37943893402207
10.417030230509111
7.278834466502183
9.696408536859781
9.589896780092056
9.979245831834712
10.770829614242025
10.757608097683693
11.781829162222092
10.444955077353775
12.488757004070445
12.302716868263353
11.58683114019419
12.274392733095723
11.356624651505193
11.734045896303114
11.5444332608347
11.476529865737927
12.084807237801876
8.866151159405915
10.882145314143457
10.288477189989068
10.098593330367471
10.558436438986035
14.638306552007778
19.43985527041792
20.94540409349153
18.803879984549425
22.96344239289819
16.41489339633052
16.27340479609462
17.81355341494146
14.511188555657906
14.027760300104713
14.43520029056468
14.647898060132816
15.336652444083409
13.596643201972105
17.059794407654753
17.764139820937274
17.404128704082268
13.207738191469943
15.97355598468397
15.763845576390723
14.334237454378616
14.559056465810585
13.960743324117143
14.761431363847644
14.4652352835795
13.21204306524347
12.527319303521043
14.400252366312241
13.465757090416531
14.09089699559694
12.987452263627125
13.664303081085247
15.203088602086021
12.041158148072983
14.172495949832225
16.598333826690244
17.535048394778695
15.772908290497288
16.271033216234553
15.57396341358589
14.996989516955432
12.570480188837681
14.403054798194747
16.218264448651478
12.856104943900602
19.398306125033418
14.334192221871502
14.6277004855157
15.595527284892297
15.595699635191329
16.650111580827378
15.212804717930949
14.70610577712021
15.263168359532575
9.992539205198927
9.776565775190123
9.907067861583824
11.061463001359158
10.4058654065587
11.003698325473994
9.899580745103396
10.689674064515456
10.620602136392185
10.857433515521935
10.980873531113483
11.3590175055575
12.49031751852203
13.297389818129506
13.45278115010291
12.882412531712415
13.323874439848503
13.323646703501309
13.231317587030176
9.508870928556554
10.508738226733252
10.391841563021652
10.472082316468734
10.819939502027633
10.963302869765092
10.43021672004887
10.301842416361998
11.379320240954845
10.243725190152883
10.028449145191562
10.607458112851079
11.146562012159347
11.068025055579964
10.511625406362743
11.055756254346337
10.662773557970345
10.159461840210849
9.875477927331357
10.601946034607286
10.172682915000108
10.342877201144672
10.041677344580291
9.719128235753862
12.877015696003724
12.84446505475042
12.893686051415656
10.70837179962551
11.380044162712435
11.82012652215559
13.228205678566963
12.697833211986557
13.220539197246994
12.55684307820289
12.719548136614517
12.536266979440818
12.49469270341138
14.970832661552139
13.335959565394864
10.399329751371146
10.760964066669754
9.39102619063409
9.789460726212145
12.939951749119112
9.922628985217774
10.984759665510548
10.724745854828763
13.911194246415079
12.473546482654845
14.683885081226435
13.459571615179849
13.098548551343086
13.630073834673707
12.86204048273987
13.224291680079185
13.28297064894272
12.87273863435678
13.236422663807339
13.132998363229891
12.472094516751048
13.546373594235046
13.454219681557639
11.149809840934942
11.41988098502757
10.021310348452895
8.412779526374322
9.958674296035872
8.308306670658826
7.739827707978036
10.454752694911203
10.180659665825317
10.309192024294845
9.334377460929874
9.082534441239599
9.702030708493941
8.826495106096777
7.64573060462265
8.434431849044937
8.577240528653553
9.165310537764944
9.4026519334185
9.549117928952592
8.860786803433434
8.720918460515968
9.302342310127834
7.91491703474974
11.202147609499995
9.064660401546046
8.381791421538342
10.285178086584786
9.117423399551924
9.505968342210188
6.861988043975036
6.973105813590742
7.198152909377782
8.126039313310663
8.417399488507366
7.489473937806048
7.8550609568314815
6.892034628702629
10.27117603211359
7.203581125890504
7.592735962305846
6.601300599934495
8.30580139531019
8.64436444822912
8.010369339249902
9.661937189545998
8.28010282215705
8.368513259718474
13.902642937217143
13.596226665807995
8.257185881130257
8.88029537056706
9.121795970084134
8.633840394005565
7.2887694139424735
10.874241244447882
10.90846068874642
10.561776707153683
7.831985557833844
8.419942462100973
7.60737833439031
7.779872809323024
7.352506706315614
9.841148327300909
7.323826986720549
8.983400240538678
9.287827582547353
8.577837258165678
10.673040093535677
7.977828228466625
8.165164823065682
9.039633817087632
8.920566233274258
8.829978985488005
8.681418931128201
9.199379020009278
7.935444721013233
6.676510753021189
7.919454111968935
8.506305968354996
8.025204759340673
11.045401149743478
10.723151358953249
11.53556789449079
10.454254271296906
11.21502492063189
11.03981696106953
13.022752265857891
11.28418853545133
10.917320777830772
12.803639517810343
10.24904434190211
14.30600628864929
17.7719498901717
16.990622027526744
16.70276452661844
12.63842868473866
18.80131447915171
17.57258099180206
22.425443818486716
16.41249181558302
18.577657110203905
22.438652195136104
17.285412464207212
26.558225916906256
40.04219160696608
30.99068318516277
25.8847189389594
26.435726007064957
25.773899650227545
>2
15.943656343161857
12.69059069983222
13.760030826091242
11.292589918017747
12.650474489871813
10.99570437977185
10.261677555783193
9.529696990111807
14.7642883439619
15.166152973698152
15.914696763666146
15.26952466175452
13.105574459359188
15.902169785416275
15.295081234159152
14.978337026080737
13.124673893855205
14.272835631568032
12.699176485520168
13.386154374423864
13.609925311762254
11.760113213835243
11.24181561555845
13.997205468888986
12.212533952442204
12.965501171092477
13.518408237307659
13.821319592432637
14.34637632186915
14.556110064366356
13.204651388041055
14.177915907663866
13.007609282711922
13.151081168758049
10.730863731513287
12.659699055029353
12.02182648766069
13.764619697269941
14.135207460717773
15.931861004089884
16.7222511558111
16.565984287507522
16.48551968600005
14.36575812228278
15.01286112426763
13.747452685242273
14.647455878632265
15.56531129929368
12.757142382192283
14.217266847586705
16.261787365803947
16.212468949096806
15.827125495929955
14.056909048709821
15.65070807127934
14.972716099452597
14.16808199356699
14.993120842183725
15.473496918414074
14.823404570887382
14.77269100587288
14.482902628943476
15.456988968094524
16.985114202573314
16.662841258156124
16.15521745927839
15.308595254045743
14.013738021579798
13.295452234938127
16.949001734113043
15.751313328614392
15.371954445193206
15.82869771453052
14.116170754095185
15.444142383707666
13.198454947760194
14.715981531528552
14.841663170464699
16.005140826154285
17.234374584124197
15.877791912525314
16.74418324065088
16.258905658899696
16.281183278080277
14.949749243037157
16.40464371237975
15.386236503627353
14.461847856339963
15.23101219578734
14.93251611887513
15.089321590551712
15.478767795485245
16.709470881512306
16.42984304926627
15.032374385097887
15.559794566687275
15.096549785968381
16.919754262537445
16.187812398933147
15.072096426138952
14.387635279065323
15.394035868044442
15.454079929262365
15.405175826296759
16.30301997429223
15.124184563202464
15.95539534834603
15.588694640011347
15.70995380779586
15.304726282497262
15.95214726079037
15.184620975963886
14.940588492276435
15.946659922542066
14.731430361683833
15.754590057789024
13.894743410062258
15.343809181518017
12.259844881266364
13.909476248707769
14.472801412064506
13.374697567218597
13.276865799691512
13.587607080862394
16.197217222869618
13.81586517006085
16.986541931959046
16.04734821185959
16.907835777038223
15.331384736767124
17.11065695987648
16.209553138344255
15.608561949430559
16.626287445222978
16.140722634662684
16.02441777733894
15.621540175166835
15.404355319587907
15.557822765828588
14.687908757374602
15.231077229285198
15.549168770074917
16.0279319962201
15.912158922984775
12.886842705231793
16.10069933862982
16.106463752024517
18.19612990561311
16.177971047486636
14.406798485604591
17.124393910282684
15.86177845307052
14.977868437085252
14.177038368664205
14.077216919699918
13.872179301103962
17.34785780235479
14.37988020741158
16.377918530611897
19.125698955359706
17.984177798632956
18.274954170102156
18.274744465242076
15.120841765681302
18.014515686628823
13.28216242092493
19.162914407896217
18.225141536277807
17.85814742777051
18.90272288009987
18.04118466690476
18.551456898544966
15.9867582334554
16.44821161402783
15.65104691887732
15.221090863993812
16.306662964196526
17.444997032154916
15.311126612340047
18.615354101433702
15.947593421023127
16.47932803276197
17.17884128122738
19.841136323286264
20.51987464532323
14.715861669435508
16.02412164538847
15.479178269872667
15.727647285046306
10.43304076639833
15.021350089499505
16.031635699900924
17.575789845068797
16.36674847432984
14.572847022341907
15.097124626026286
13.957501763922616
14.068710054153819
16.361288580090804
13.802743255196924
19.49317055536085
16.833685128992244
14.67473350681691
12.871273336309434
13.677441793210216
14.674298542245277
19.904818680722492
15.339541387649719
17.518406653848196
14.12346281007567
14.494040798523821
15.400508090764642
16.649643791784403
15.179508956037974
12.832503489871954
17.638420658052137
22.345774321995595
14.4860064810671
17.26967751621331
14.761642830772178
15.699730844481545
14.175417846913948
13.59972815238687
14.71449551464702
13.683123938723647
15.239849874241935
15.09527083466357
13.729546635567393
12.913518855218939
12.346887720819849
12.257833696892707
14.657858611012522
15.18416933441038
12.95467783047769
13.04011200883733
12.91594984600555
13.316579835005188
13.234154914972867
14.57480461254107
17.14424324220031
17.184134402109535
17.37773919066173
17.287691949028698
17.750719082004213
19.12552360000052
19.305577841734557
15.33502442140153
11.402148014254779
11.159453352705826
12.197722210202533
10.631717520902988
11.395889540077903
15.094787444804584
15.351405661245343
15.107247011859393
14.23382961633107
13.252325851267901
13.633537377757186
14.291752238568609
15.880251004606368
20.464475427430727
20.802840941501167
17.11193790765169
17.131624298339865
17.22922244900726
16.47514071355996
17.331680099705714
16.709508962594835
18.098485930923598
15.426369228010136
14.927108518933252
18.09189281393166
19.287229654041326
17.031893288821326
19.366534780321917
18.620319233893536
19.36744356692497
19.37789735929978
17.979813229134642
13.973880317862726
20.517366733663383
19.24189952278125
16.950090370852326
15.384659449704463
19.381857705699186
19.067467853874025
20.38784527403386
16.38515434531515
15.420631631998468
17.784583629621316
17.329253249042697
17.759670379634425
17.778038755812684
16.509170500199037
15.323027445666282
18.52696129861565
17.638548205337038
17.75709633380885
17.245865994162596
17.27766469495825
17.998457484475043
16.12329809641678
17.40503359710654
17.067342356967803
17.43333196507962
18.40798917516755
14.472424971010435
14.387020551341045
12.904809162364922
13.663540125745872
12.44426918476922
11.528101170981776
13.757138325297747
13.334156555895726
12.326297331755647
11.640206428889293
11.4991724273345
14.143701121937227
11.414085939292109
12.99095501677214
13.335018993290795
11.333178304701017
12.256560298263752
11.24810599807053
13.496361495628692
12.618992789157618
12.66025037462871
11.03432697197195
12.655611650192666
12.20879391925266
12.022935762674967
12.54185254239322
12.102927671146437
12.660004614319485
12.883920948767674
12.645186387375473
12.563838681674799
12.601628829112776
12.44245286096186
12.064872574152728
11.393921772809016
13.587516684310089
14.148437741104278
20.988384789883888
19.65537306567649
18.821777136034065
15.175788318881649
15.050776690072507
13.752093998251276
14.431330566549113
13.471430410970267
13.616845092567065
14.49371214664541
14.650957032915926
14.144150222332076
14.186952371612213
14.186977928047266
14.760149649827325
14.437838509522823
13.439774445333565
13.980370290650052
13.197372903395303
14.903778818852858
12.840444558161343
13.645252392216042
15.517314509920434
13.831377643959717
14.061339145859755
14.282723665607895
14.918242715666958
14.402485001950856
14.288267871455409
14.324601513730546
13.535020201040258
15.1391827464462
13.905448059502572
13.758302754506627
15.090387834067721
14.394621302227229
14.532159504963483
13.992668079491153
14.366508614506774
14.459535318856885
12.74537735202848
13.824517889057761
14.556386748024222
14.77015111835345
15.607436250545813
13.187869213278343
14.756205129251894
15.403175776300426
15.140294023338864
15.060669638059984
14.922542293070043
14.489166591099055
14.319679541142474
15.019434912853363
14.130100728261105
14.509044351786157
13.889928858557097
13.969816109692879
13.869539721089327
15.12021382299394
13.691723394062068
14.136244517165688
14.034392118145636
13.635623817199573
13.817059458847062
13.105299532794534
14.000776523171085
15.493865814514194
14.337705093257059
13.933413367106235
14.122043079508416
14.486915871097146
12.97361205904861
14.182537440346003
15.00942697661377
14.92336375496007
14.258875023282489
14.311531634748857
14.252504970652874
14.855694655870263
13.186690299771522
12.87634850946009
14.936327390439502
13.09969940028571
14.344792377171924
14.196065372714404
15.259838880749587
13.36026404541278
14.615712989908689
13.614653445204407
14.89060217942935
14.419960939487693
14.127190367656082
13.547236306322604
13.914319351636914
13.645634257789398
14.656246782798748
13.798883712102334
13.773135663158744
14.291294814462274
13.27787861829346
14.097576985198819
14.44713007550295
14.481935289332968
14.409121936650237
14.937798775820582
14.164246963926367
13.817399925035367
14.464749842952696
13.971609776984401
15.165074648932867
14.085203570058786
13.447552432438004
14.27135114288765
14.857717547664874
15.381294636068233
14.695344064955139
14.224960462290397
14.831284469109368
14.217759390941836
13.901726821395057
15.12638388292142
14.298635817289687
12.87140546950718
13.496840807666269
12.460175807957114
13.468497080052128
14.667528290007386
12.718607549624057
14.02273208153498
13.7504428800029
13.44562624045334
14.019281995947567
13.620042615451599
14.032010190130762
13.927740738145069
13.240924588048278
14.680592116654529
13.396552976990533
13.766201647101878
13.760021919450915
13.454930680261944
14.360216015536025
13.903710617941291
13.85142843059957
13.359678099768399
14.181281148151108
13.260409611892676
13.481576939091568
13.397171561823086
14.220555541688872
12.999798948004562
14.315878266899766
13.546981620343983
13.727621876885735
14.130602242992405
13.44978668177969
13.85601617467414
13.76296253674039
14.72948740488292
12.945052455293096
13.280207537200411
13.455163761373857
14.013593390982649
13.890861120554174
14.031953804664377
13.527223471339145
14.082860193557941
13.935741699348378
13.799579439281615
13.630824271164869
13.645320538589743
13.510383853207085
13.134441050738769
13.646837928960892
13.37151379417162
12.037243526106906
13.428026227752387
14.11451040035384
13.822061525777523
13.524669644611143
14.583051670619449
14.037184234640042
13.514371977644428
13.213826180679735
13.636932657562063
13.947008743353395
14.087442740592877
13.686137833482748
13.894299133023031
13.656635765587842
13.77692590757862
13.535123042496082
13.986930097694023
13.582447521118404
13.978374297693613
13.206487158035388
14.111937489307966
13.34531420890422
13.783956469680176
13.941753604411504
13.362413131538878
13.206799099612287
13.46412514480183
14.19666542336715
14.100478990341974
14.290389937577379
12.782389405127763
13.869240544214412
13.630179773073278
13.867684157998818
13.573441319101255
13.81945405590075
14.06145319225284
13.955683145821983
13.33976173858332
13.623278456413383
13.825946269896143
14.630058431762446
14.16157292184125
13.786820658368306
13.531903574080214
13.392833769132277
13.974899364035876
13.61912283193081
13.501766093612938
13.57725622671065
13.523708550686724
14.110662957014677
14.174529660389085
12.879548264320123
12.911120479955256
13.92766899166071
13.656840746814703
13.578851358859247
14.016681854860526
14.534943208619044
13.456279323137874
13.374922830944774
13.464574079946567
13.736409519944628
13.796926708344945
14.715134475386302
14.24112823044837
12.99376959420533
12.874539652746884
12.719989295323842
13.683030466026603
14.358586048348416
13.581849398168115
13.625436366657356
13.97239646860942
13.821651588072989
14.069242375924599
14.008482124006179
13.552924501569322
14.201417519845943
13.740901628426467
13.002517546759195
13.846141061428838
13.324635887067133
13.261802341952302
13.66176249295679
13.553226949628726
14.809936249439495
13.68184619179005
14.386853935788201
13.923742556759619
13.451783122907134
13.87772920501218
13.259567576505576
14.130845288756882
13.763601704306478
14.09876401073954
14.426311510608565
13.764293372578898
13.97747394887271
14.208072396206553
13.288214878447612
13.545089106900546
13.845810964756614
13.531587367367868
13.967379746286225
13.354736416724482
13.710148100503254
13.296756910579065
13.815568002820234
14.437395823476821
13.778264832166318
13.508928117826837
16.771755611154955
13.595350158726797
13.237332376018674
14.077244771766136
13.30526126447829
13.793607494885048
13.79716997677267
14.23722587828915
13.886768201936077
13.109295224342993
14.442846593971556
14.043275171489658
13.330119279666741
13.703975856632233
13.675653723219027
13.05078461476686
13.66111879016908
13.206398269247119
12.895988484018877
12.922399656110343
13.367251502442752
14.660248582585023
13.862153672876348
13.37829219094746
13.755940382250817
13.04993311438059
14.581082525068576
13.15817349070298
12.711415926336391
14.273361735324098
13.835580457483244
13.458182571259902
13.098667226320268
14.057275618016075
13.21404359965253
12.743451973547398
13.804184414597017
14.753916775045463
13.652445922215698
13.741583888957624
13.371863508951872
14.3106158141766
13.544902727783509
14.051465620425969
13.89421694755078
14.114670698283245
13.431677010019527
14.137236480635304
13.581704897166366
14.151418632127083
13.3539734662319
14.07287581969677
13.901444979510979
13.31643187634894
13.409785212007623
15.026954976096492
14.217271056117712
13.943087825624197
13.623489703112481
15.276456096623436
14.463113827350645
14.207841264608016
14.00209706422002
14.282496915527382
14.147021661519778
14.297180388272391
12.620733422387081
12.789213813004851
13.99985082870858
12.770450544826227
13.038655059229619
13.72507542100817
15.197008410220834
13.569206526894751
12.694797051903782
12.232375572886468
14.482276205694424
13.153647319468558
13.115601656714366
13.732195996483982
14.777460534273478
13.48839323121076
16.66671038182668
14.385496551371581
14.785941627359971
15.090629164809894
12.09578377361807
>3
12.290223108292627
7.992258743786424
9.180920834367843
12.849745893641453
11.556953732929996
13.692901813571055
10.471263603622528
11.363833805370044
12.834386449526695
10.22160102049439
12.69613649244292
10.097698733206022
11.217857569788244
11.55563524971015
11.26232394494242
10.648826739513517
10.094307412143737
10.076766977511861
10.153395326205015
9.782236752341083
13.909662020696441
14.97687207562054
12.14930597450257
9.626861908837759
11.698675912501232
11.540217645064656
14.41422890822127
12.305037201894356
16.430443068244355
11.896086608125422
8.271129971101615
9.614850293122183
11.325548634550714
13.479209543514456
10.130157361451552
13.054206141432829
12.333476849661979
12.382284756308048
11.077716381787553
11.666716528205443
14.298275948943688
11.643424211992109
12.29906419840067
12.096781185987448
12.675864865614265
12.412046049001702
12.462967108111984
12.578996587699637
7.772593542566299
16.972343908337294
12.461594271498187
11.890290239227568
11.219086072539552
17.13694081207083
16.352061768874165
15.097277688832145
16.340667950030802
15.276431367464912
13.951328299693696
14.507185128749047
7.619762593465511
9.69924375829325
6.943559191371755
6.23452478762447
7.733863981776851
6.9440841940074325
6.6537636708928485
6.288615325954649
6.792065320395232
6.787644891968931
7.459351905141728
5.33341776061537
7.080325934456517
7.673297151642248
8.308375647134845
7.4833598683910285
6.632853948982172
7.139022910035415
7.616504777841018
6.325439078290526
6.714278898168584
6.569506810040591
6.415692327854875
6.6027188347080426
5.708264406331649
6.5596244915133175
5.767761745139124
6.314147818947628
5.301442404723143
5.043637105279028
5.202807589962199
5.685399186527843
6.420174498636202
5.433732932096173
6.735420530533115
7.03390844539039
5.024591393170845
12.138588310831102
14.391797723159327
10.627967254083819
10.516534740151366
13.225922695524002
12.772502577174683
10.482181175515349
11.86913548950836
15.0449113186963
14.220128495463701
16.92632699404563
13.918063439399937
15.838508111426911
15.812963453502244
12.421542630308437
13.201189152624114
10.63039108163941
10.927660431315594
10.17884258532033
12.884324004944887
9.000561183392279
10.076501651901262
10.037280806047246
11.45457812671655
10.663300417759691
10.924025739597155
14.151531090102793
12.335237399302608
11.384410265902718
14.488815240763007
13.304021149940365
13.377950165099321
15.293488017839897
12.844436585925378
9.124221308173658
9.46886391187095
11.202346786809274
10.287900490092023
11.407109019885773
11.10146075053857
11.543114449356342
10.911667319583728
10.779857678961475
10.654958479432157
10.286947056048902
10.290102292247632
12.212776445498347
11.924039047053341
10.709636648867564
11.389133742770117
11.433090674415126
11.099678054609262
11.255400292795422
10.54828319067219
10.66434700752211
10.122794998929718
11.534337466202716
11.082725135372005
10.238753118251946
10.966526954830496
10.728597217160385
10.564619252386393
12.491016319835255
9.388757948586361
11.399681223957257
10.7950455185301
11.034863123581367
10.780835226453178
10.463562242147079
9.78809896707566
11.180935204979509
10.428185918967152
10.522354461002347
12.167057116833739
12.048558359328227
12.872395201128734
11.328158808190658
9.571059637408094
11.078724347439373
10.027212281361638
11.442255657707644
12.074418801105407
12.083728980295422
11.355889000332796
10.817994897624214
9.850609443228223
11.039250712868586
10.509453333991985
11.048083398206662
11.324221298728602
9.478657650888062
9.464129233902927
10.597415768002385
9.533065988721622
10.594056740767885
9.281602189478688
9.81961977913057
9.671306135339625
12.035273443947217
8.779574141844074
8.38269894830309
8.327740561063361
8.377770387847011
10.894646046122649
8.361773882601991
11.949048417248642
11.586229779978192
12.559110242291998
12.367016743079056
11.379187642605485
10.321390207844157
12.312389827293003
14.785097343433899
14.074367612824984
14.170693987978538
12.062678840364885
13.200955764271328
12.497883565778444
14.082153849113936
12.351532142069312
13.33991795494329
14.824216861755243
15.493730001037102
13.90284875404632
11.790920443469206
11.338843759723119
11.606336387966845
12.516894510152257
12.769326605089876
12.004032198941239
11.01457313057497
11.99348721132792
11.857376126739737
12.76581389361635
11.307944571631621
10.949898750354656
11.293703516715865
10.626273611988497
11.667642489358023
12.141689326429047
12.542410872921714
11.900019071960275
12.015306495417573
12.500484464634004
11.988035201282004
12.124146360758095
11.99285950704149
10.9627747653366
12.127918232502825
12.472936250070301
13.582890329180612
12.544148711325832
12.262651802768413
12.681556531090436
12.01268597793645
11.919637278068974
12.446220243682221
12.319851355524449
11.754422910749991
12.632067634044969
13.859701657206546
12.426524043098683
11.700732004680049
13.076007504552136
13.373908843753574
11.82632906328243
12.472867486406678
12.204631742462848
11.882467985376714
12.777473772696805
13.194170217953804
12.675191128359208
12.683677118359462
12.617052236230093
12.609921074203536
13.12858533978678
12.454953757204159
12.780638804555679
13.084110227113767
12.97793334355533
13.711547097723193
13.556295797700777
14.009103407759717
10.53907759185128
12.18063903206081
12.41618628288241
12.72469069018098
11.891487059618484
12.106747205317093
11.625674383452644
12.521073204118883
11.673200951019606
12.534578460935368
12.136465120903493
11.861693420475756
11.599835791984088
11.622786691232246
12.23856174116549
12.516431628654711
11.66913435976719
11.411039792030229
12.03276889240656
11.592826006341223
12.20414839541894
12.587742103282638
12.038637324255994
12.452233337782392
11.858982369773235
12.166937344267867
11.942486287217822
11.945367272303669
12.640770986844817
11.619556136361327
11.987834316830499
12.865600579656038
12.467851736652651
12.14672605658225
11.880006388164206
12.486715636075433
12.4550854840844
11.81478634070526
11.797867809058937
12.175039669014144
10.892892547332748
11.338453997414232
12.06624675101078
10.646606261897567
12.048911031070151
12.947342820378532
12.154733076699026
12.864038292599796
12.464098533816072
11.228634267168948
11.772282096072301
11.223790461103057
12.511678154393621
13.084889879713701
12.581685450831342
13.193275611858148
10.892264153678251
12.190583718549128
11.480864335763059
12.50510710086168
12.395021071304406
11.962325121126328
13.194126372592567
12.200561649209703
12.641243971251415
11.205264065538191
11.26167734482637
12.994607547438937
12.348577317578854
11.901810534174881
11.937247275421065
13.260775391219148
12.628629779556706
11.471117071008328
11.455236091914546
12.517703404302663
11.99634992649424
11.838363967834582
10.484966440402196
11.879339301941465
13.254790631225635
11.708840063237401
11.829763627829653
11.522827578350677
10.788411541305228
11.845539585505792
12.265514489316562
12.516036956709247
13.306362870200788
13.276232611775198
12.746516427233994
12.890445142166143
12.49198366647468
11.33858774412442
12.957371694274174
12.093307019470963
12.631734690662897
11.7295931151676
12.313109402548559
12.17041513806682
11.63038087604701
10.958768705113044
12.003098093027669
12.638562214687276
13.769806963144283
12.922011328016305
12.442698959518964
11.173756799291056
11.907819901190829
12.557410519992755
12.89888009325048
12.225210939258858
11.65522255454902
11.384879450503128
13.28651764173706
11.95888588633805
12.324657698077882
12.898477293603886
13.769949052112123
12.033806059390054
12.884487280431212
12.14620021416441
12.282429329563675
14.383658879920123
14.858854892469434
11.140546282194649
11.649263723486968
11.198958448171144
9.828255184917262
11.301666401533128
11.008641714627714
11.05632163627025
11.837044625318677
11.423527249797875
10.757305478874006
11.436337225382104
12.355651186845007
11.43270350355172
11.31854963029059
9.57864487407319
10.291934340578408
8.437924661601306
10.191231955473226
9.818583330944316
11.66776642451985
11.573121989881892
11.789207909338685
11.763653743701656
12.122464285937124
11.799940664656706
11.907828290050217
9.974657010211358
11.581172003891032
12.397615876647935
11.648248593374143
11.892192218026427
12.842127288265809
11.719783984475132
12.292843470614724
9.833109422285162
12.092314584172192
12.631120154234907
12.261609240397737
11.951333269751574
11.977988315992894
13.49618147184161
13.51533405173388
11.208457417212081
13.215739715517355
13.413540455002336
12.1467215288621
13.908994219244123
13.453839901431369
12.420388773793475
14.273419892126727
12.962904535089047
14.245381233599069
10.804772751176964
14.985134505107208
14.788699354668433
14.061173750894435
14.521674564674516
14.851999240795081
15.026521420134115
15.428277326175994
14.381158149508975
15.52501551549804
15.262880524562597
16.16717769080401
20.640602290891838
12.026519762064598
12.548060655389886
15.718497173034152
14.77157264112984
14.203148307093144
15.569388444266695
15.990287885819072
16.94937132654389
15.49693186479342
18.88045644975277
14.189324081589145
12.182739545753465
14.371601863827262
14.438922246418372
13.509720796934175
12.625423048334897
12.054708499223455
11.759124390081961
12.513243717071788
12.77127983702095
11.049923676647264
12.27480048063656
10.822701485953946
10.713866057670394
10.938047618292932
11.699091347143973
12.09995101982123
10.565593950949383
11.313973669536015
10.745849621283634
10.646557707607432
10.845949806875089
11.2095400078593
12.281624306599921
10.50894384987835
11.545921632287175
10.979930034187712
12.272804074404066
12.044275116690999
11.25435688861556
12.476497308859884
9.611517601523776
10.364725138680926
10.778348477228608
13.168476323219743
15.646337074380291
12.78354332367758
13.878409072575453
10.596534636743264
10.326165839662707
10.138509913716991
9.759701964300254
11.14954336570102
10.71077062235856
10.658029425734869
11.193167715923103
11.583849797506392
11.202023645314023
10.825896513024373
11.40498086023318
10.181781538969558
11.924687303755542
11.252758942542254
11.035213786641409
11.722497436156843
11.884480735376037
12.701793020509317
11.277049910635514
11.63489902998506
10.402649019793973
11.175794904764235
10.40241559773559
11.044864357838042
11.911282305634774
10.596130684191229
10.983471931256917
10.93469295172741
11.698685062359454
12.353373886402833
11.027792850507758
11.090563998976627
10.522480811233267
11.96399416846462
11.7051554549942
10.555672651139702
11.844847190069531
10.636052121808152
11.60638343757883
11.433250933747022
11.07152083174722
10.90036757381949
11.91206179003889
11.460041677192363
10.913750056886762
10.309546973670606
9.519949498833475
11.219733769784037
11.88861934192738
10.602586400054488
11.221026443100179
10.931637245984787
11.220660554458478
11.161725451184898
12.582418271509784
13.676067547937503
12.312014285658957
15.53861360230288
13.813225659617677
15.04955959569675
14.359904163136978
14.925175678749651
14.34016946692007
15.825889471327107
15.432484267050876
15.174062340882049
22.437914713121007
18.60165378093835
18.792360005834794
20.060874557570816
19.515737990887295
17.998312290950246
19.50513415762383
20.530783868603493
19.294740727718803
18.801380245027495
19.566402605849486
18.7004573146955
18.570245083933283
18.08591758256846
20.22654106895138
19.844028302216376
18.767977756405248
15.593230039430193
14.694591012309264
15.378752356983881
14.634072321723618
15.935765505584364
15.964880080068788
15.631915416164954
16.45912074106114
17.541408241187295
16.19259742111932
18.45646102503577
12.273292773447679
15.160426189587943
18.53540064258084
13.662625621768822
16.27131740973424
15.40793665091847
14.212194848306126
15.520253096600934
15.901784618585252
15.915920736752868
18.372445943919384
18.095388844076922
17.280530864947615
14.138256799170573
13.337974573597167
12.72033532578614
13.552441581870927
15.045074134805835
14.433698657251737
15.932851470775136
14.523476697908414
13.241731484094206
13.326609430811693
15.886156857428514
14.053832328495535
12.293648233350927
11.875913312194367
12.962461258890203
13.267979831617378
14.341735066940963
14.398585947238205
17.60421009726416
16.758237584600675
18.006010727056026
22.10323395144903
16.88989143020074
19.431567173235734
24.030735788033954
31.87063098278701
45.7758647496154
44.44553157011702
50.85584033654731
58.12348694490226
54.03790567175853
54.82250225820428
52.58410194323092
54.696260973391944
57.72089643403314
58.48809469069159
57.1324416076395
52.01977960900594
39.83748782908426
42.04806587940268
43.00413562746489
36.83645873843673
38.069092038997645
35.96674603492057
35.994053228359746
40.39542026776305
36.69289486745885
38.32882776901228
35.65294635754441
39.66439980548634
35.311567246331904
40.44824023775088
45.01726912419107
37.34907613798983
34.17535016370004
38.906627950073364
37.60970834979891
46.329843894290526
49.683122835501955
38.89491616733341
39.96230250799331
38.59196144713132
41.51029508302068
41.40105960579645
40.72659190962494
42.03668768377647
38.18264377282941
38.776355985061016
40.331929359929696
43.093759813201984
43.24850871466101
41.28228063429234
42.54524668965087
42.48103943344642
42.99692211216692
40.77843488691401
39.92415493261421
37.86621169156504
41.122055453367444
40.571757927837595
43.09207441126593
41.93884070298964
41.90818473102871
42.21929879595642
40.73679777081751
41.12107037916499
38.48500790196355
41.02858484934587
39.02522378020887
38.25871803123508
37.3888904899174
37.696511864115784
38.03559698710961
38.57737300288474
38.73904515971864
39.64263873326368
36.47161121575309
37.75545311598201
39.35817399488709
39.25607149453527
41.047240318260336
39.52864801885428
40.71358666691296
39.38487114654875
40.52794101037643
39.10145322835448
39.03692118447641
37.37654899513377
39.650104668366076
37.92626568703967
38.19697779957074
41.76222072867616
39.97882652053961
37.0984599900608
40.27067910381171
40.96770729706494
43.26343022141027
40.96420631804039
39.63002943787133
39.51985759254722
40.36287800794483
40.163665147418406
42.14268618361402
40.99775702464555
43.20644285277435
42.10039569019435
41.28292531813365
41.108546119283965
39.80796632899075
40.32675427396008
40.96118023917599
37.894601713175554
38.51640745562974
40.97799220233837
38.677133098251474
39.169993723112
41.63182941735028
40.504874010778856
40.80118350979603
40.71956089353609
40.748586062908515
41.47671889542488
40.489443841579586
40.02849300694923
41.502980670236006
41.94763559428527
41.9060003109645
41.73645188583137
42.149446745422715
42.44769164084615
36.830725946103605
40.21067391853769
40.336288942230674
40.24227662291322
41.17772090251829
39.26325511424754
38.4977913337891
41.93674030680701
38.78389757733391
40.79611611061745
39.25685068941514
41.71148871922447
44.35066423825374
43.32883460053704
42.156286506173736
41.12440207259005
41.41784921548516
38.36837703913227
39.46236969653375
39.222532186463155
41.005511857434556
39.145756410532556
38.20420564691225
40.2615302393291
38.67117847783557
39.61599935382402
40.2594650785997
40.532049220720005
41.060472025196574
39.11218188858293
38.191588223741014
39.61008125251678
38.9331095319226
39.1919149303579
39.11244799275517
39.043299412603226
39.57557685531351
39.43742787407718
38.82996871500178
38.32043986704749
36.529750880261595
38.085446142210614
37.46537773127027
39.26273894086061
39.27183083814933
40.245505861375776
38.535142313823584
39.4292691291364
38.9955329682193
38.02048660758102
40.14884894138793
37.95403305783684
35.36156083179911
39.77174005445733
40.196144411290796
38.61055305053633
39.906746008353934
40.70478454406041
39.220147457078134
40.445389250680485
40.7391852124964
37.44861408117863
38.55974334444992
41.93122557145829
39.444226560297615
40.50116329045734
40.55768792161421
37.91189796233476
38.05984998149731
40.72982289539934
42.0321594120201
42.829163916662566
41.11075642986955
38.56557701212394
39.872147270498346
40.59101478729776
37.86966050029658
38.91175820264199
38.19428629407327
38.39430585463373
39.82855650368628
36.8438893142167
35.70500584344928
41.08556502806635
37.88539797434269
39.219555723702925
40.64225589438424
41.93822544060764
38.02466044188218
38.436777651105984
34.96303063175506
36.85151027236862
37.536277752225715
38.20574826081
35.38175489124759
35.73252791648823
38.35239472916374
39.50542446616326
33.561154006064186
39.20703741239245
37.98363607067877
40.48626066000767
39.22860797598468
41.90639721192045
39.318690273903435
43.501963306151396
38.08141752671253
41.6541930871539
39.55186154855517
52.1821904256048
56.1165827650555
64.33934854563783
65.46162301241823
64.55489983342737
