>0
11.21126987725144
9.983891471119435
7.5844954454869775
9.020187620296998
10.593124366021069
10.35613644036728
10.90019001177019
10.427070712278631
10.637971320858485
10.928966485712513
10.78009180659996
10.572394685009167
10.730544468108219
10.684274956743764
7.375626537488581
7.639775345585441
8.268802388497482
10.844585597583043
10.563379599699374
10.465553553999342
9.324072319720756
8.109207128092407
6.538643282770315
6.502368167523606
10.83151481610862
9.215217362027806
10.642499624628325
6.807959061271707
9.600024510332302
9.136807175353855
8.562143450978882
8.545314515813839
7.987968732965612
11.089160760876375
8.45379041283364
7.666977201389263
8.469506405393098
7.98433477572217
11.037102435921447
7.9722462749155945
10.795541052828831
8.985204107074448
8.26659827353501
8.17622869308291
10.202373472741671
10.366376998077195
8.420436904774956
6.54532941538314
7.190473288565904
8.93881223906366
9.19188782374344
10.888423071395662
10.029601644944027
9.79140389655456
10.011200791065871
8.636651206685135
8.74191821265567
9.188592609455872
10.225397437441377
10.369796854790744
8.020535253788072
9.115325204160737
7.909197438238845
8.118912493995806
7.59816846887123
7.986726614306516
9.20596374788222
8.941207902073058
9.061121800434794
9.016566687606073
9.422244558681456
8.659102035377087
9.292965808249196
9.020789927053514
9.78307373676192
9.560628271315762
9.18922401974968
7.5848081259879185
10.140832634757103
9.404738300784313
9.212342320476338
8.500966806072034
9.245517745350766
9.467940792193742
6.725496648966295
7.640140208915506
8.534776104197535
7.371353382948029
7.4913020688408585
8.23518490957066
8.740359288590776
6.982687733951051
6.401055135393747
6.445624112928838
6.593136735138804
6.670426192458825
6.973665636209461
6.777462484750736
6.634522135100228
7.269456727172498
8.546031835662442
6.995385606704921
6.8410125957778884
6.66069952976485
8.30203392471946
6.834997141163124
7.472661294061848
7.321692450458536
7.634110574244671
7.840762174631156
7.256856229452444
7.376102239952264
6.70038173123083
6.331707615374633
6.3876274063634515
9.363427220834383
8.548069645553657
8.322177850541324
7.867967578404546
7.068621646441696
7.055787492901177
6.6222939427074365
9.65220342003985
6.72551925163234
7.4859640477286495
6.532474714592005
6.734783588233204
6.201108463277595
6.908965457297197
6.501317434304087
6.722717857419053
8.585444102282963
6.181845300499987
5.844320173178285
6.812091169661533
6.738091294476552
6.764914706839295
6.561204050203754
7.258716797348156
6.867905871047277
6.543036836253538
6.771421358211252
6.380331505710302
6.347946550582599
8.6130796755267
6.678945660763074
5.572300143666594
6.882535880800089
7.267784091068171
6.838962129544201
7.668808074464551
7.237180058953262
7.000988520713436
7.407073493773125
6.962203704987208
6.685080294270281
7.228802408720034
6.34991457419966
6.8642328669359225
7.059171367806726
8.278994118068232
6.811379825711167
6.816409867819241
7.3739203637933555
7.081486817684888
9.274679360279347
9.773256119507108
8.74426040549812
8.432500326159815
9.740369635088022
7.110181897833481
6.938128921715379
8.082511155548163
7.365300176861468
6.728105031741948
6.989753611662824
7.069741896703066
7.727603367149908
7.484663616628435
7.8565896936294255
8.870008268471624
8.525303011652513
8.700732009606273
7.7277155138519165
8.404749961408733
6.757045354351763
6.844891122619603
6.598660158488224
8.527228772048053
10.931668359761725
7.850118958853639
8.492683486184493
7.084617199390495
8.159992491695062
8.774056163053983
8.376208738551108
7.994235557582415
6.995019399933769
7.257954583055719
8.519699715730274
7.138769914847864
7.358173329510743
8.843436118867412
8.040465550667848
7.299580863418782
7.532649729145356
8.578746495280265
6.870801862724478
7.648775633091599
6.960503067390127
6.7150944649145545
8.242447408214755
6.6284481278131535
7.334168698742983
6.453963908107085
6.882465177323125
6.7210875620461685
6.609634196557712
7.040651961994838
7.181358610167675
6.8960329684205455
6.164744042449222
6.983098652005292
7.098852330725125
7.532011022910462
6.485946814252571
8.078426385406598
8.261183795192155
7.0433723977993425
9.049285828437469
9.570136109100876
10.216595002529976
7.793293812137875
8.182097368333988
9.035746657608977
7.151579408613572
7.655456807311991
7.955862750140326
8.167623893539426
7.194991286146501
7.026934573067625
6.674877139895104
7.670873186664128
8.261149593153434
9.667871044186738
9.185909730572993
7.301504314885274
9.305684578447817
9.12787942542198
9.274672924934174
6.553580201801725
10.128530683468252
9.315653091700913
8.259286487746408
8.82963445068619
8.143478355550526
7.389243899668248
8.222060919334996
8.530449055475607
9.295626084156096
8.123958302262459
8.660528394813504
8.99861383937591
8.575664728922746
8.357923493544643
9.119730552808939
7.823133278720516
8.423118530741913
8.62971531107796
8.245310730048304
8.151194890732404
9.789044216296977
7.198883223001926
7.086960578525616
7.893598349804815
7.029919784650432
7.02705853216577
6.70075462498591
6.704326838344147
7.10477817647455
7.3056459825900895
6.6955939433798175
7.080296677399571
6.4054034756516645
6.951742866553089
6.410921130077003
6.213510930361492
6.704744190042867
6.588932311304918
6.758850652168478
6.3507504800132075
6.626822526767184
6.981304291742322
6.661064783940874
6.286892117368686
6.965523036826328
6.191711671116679
6.727653250763737
6.694895593633405
6.688983037856163
6.459676488786541
6.230725740753062
6.447925117590628
6.2897634946214
6.59331104981586
6.408172536940702
6.502097284798056
7.058967063469825
6.7357157536306485
7.068238872199062
7.159279571339251
5.683979294350331
6.601157083040102
6.509812283146491
6.6552038033571055
6.162994067535992
6.8203729268012605
6.433546867571173
6.74277498890882
6.860932307737445
6.989052562875091
6.267159722893672
6.417659692507953
6.404047636366304
6.86846045922427
6.459471983529639
6.642636402490282
6.41539777362189
6.5407266975280605
6.650037076095045
6.577908320495798
7.089940361450349
6.591447330418812
6.778419471811166
6.998353004695072
6.714601398271332
6.885737049757094
8.16008155746258
6.217413287005534
6.612442392159085
6.770789701973533
6.74710038222736
7.005824118451923
6.237981987635931
6.7717663923288045
6.930681814890838
6.582023489297079
6.637679898691913
6.122282539958662
6.752534792145013
6.5722187068367885
6.329859908532068
7.266646448368133
6.905648812238017
6.750080651400977
7.731925882687132
7.168602749951669
7.071026314781348
6.881382249237678
6.7301499826620725
6.969823138301191
6.0735083998054025
6.515551089065158
6.736413206211496
7.382304426319006
7.869425020962525
7.176466527948086
6.4818772154484785
6.444585165316467
6.511709405031528
6.841689725722971
6.692446700736516
6.17677450063925
6.5240626681111955
6.756809484956083
6.954986455004714
6.909198339006126
6.7547995176051305
7.116365807430717
6.815564162832288
6.6631472204813225
7.416105532389891
7.2086512278074615
6.997159589019073
6.584038559760114
6.943869935247512
6.530399257618933
6.633054172711135
7.126986797705384
6.5145895028307725
7.143104563738336
7.011164272646634
6.208611704015093
9.043291024870847
5.9749507990219595
8.372319766995249
5.506077310997158
6.957089878806409
7.984035546457492
6.01745488566288
5.607779115734984
7.012444540051808
5.475933771217198
5.249130221675452
6.522639462813671
5.921393282841048
6.090718717762579
6.258773104469908
6.556747572848587
7.706920026062525
5.590982928987165
6.414486370577994
7.505521169150802
6.2578357419825075
6.110476162706761
7.4609416760009575
6.557691257156952
7.046714876515578
5.955262575288693
4.844791114747314
5.50256262988362
7.725217047004979
5.086531815371475
5.753876575421952
6.52438166894256
5.994871515341001
5.490525640249701
7.0900301892887825
6.401789804298161
6.413924451734644
6.168985527983586
6.217712220382731
6.037531056508636
6.066942720052193
5.278087064089991
5.635572252776305
6.670211977904559
6.111028205165527
5.305254687614772
5.644258077427141
5.610854447129424
5.571828883543198
5.790734883548649
5.976942988800561
5.3784287787609095
5.7037095997765785
5.5577955353226685
9.635594514760554
6.492253492011056
5.366805434816332
5.343830377572583
5.290172490205022
5.107204669364172
4.945169224907534
5.330132360106167
5.296730988772705
5.454510676940039
8.652631569460132
11.97407375199047
12.104220343975063
5.743764150256963
5.602547498479674
5.464335326217609
5.683236153819732
5.813814911836911
5.329598547244511
5.5588437657056975
6.634635470904019
5.547725524531427
5.5327527114206845
5.602872776920583
5.855153245977881
5.2765504608237555
5.215461454385115
7.232835008797882
5.801400370290429
6.921460924209692
5.556807597636708
5.70171868455333
5.73937752330079
5.825451126852727
6.817101717356564
10.254914823436057
12.259715741655228
11.509254588461035
6.84773638311173
6.827829578230782
6.574958447144397
5.589867266684627
6.384960510755687
6.50445563926556
5.871033830266292
6.42297516277384
5.862714795948443
5.891057552976121
5.733120458780509
6.191222702220468
8.802845724958622
6.20711966446468
6.109771678217968
5.84894770448562
6.624033306255175
6.758340573899595
7.075682524571275
10.35599980323743
12.147680380689222
12.681089602943828
12.837585637246399
11.403215960147259
12.730638734792361
12.516140595796541
10.90326810836691
12.986883613807956
11.487583316771605
11.167613894595107
11.081369831756907
5.947378834177281
6.425956276139088
5.993174362140677
6.5634860937850075
6.7334030244383785
13.071943564849805
12.305282567151568
13.882662808240806
13.238494139524432
15.71423721751864
16.902147172878134
14.694340711448318
15.900025372343828
16.775405802901464
15.193414244888176
13.952482340328148
11.531484287116974
11.162338268524742
15.091396191966352
14.939007935141394
15.919260098291547
16.39746208761133
15.353767997473138
7.112771211955108
6.840800869710543
7.839801427053932
7.532533589134068
7.14967759360643
7.3058432252381635
7.1091649567120365
8.657239466963187
6.416831835466234
7.991694755936397
7.424273247429571
7.9171414122265436
6.996310473840041
7.688823499541351
7.6016089751359255
7.890189392801593
6.817381474739294
7.559356249077189
8.161219664975887
7.298843127952799
7.455207097208706
7.63614228594637
6.812016168248875
10.906030942236448
6.946087730247829
6.1555511932872315
6.867598944880488
6.947996943342805
7.4673594969196735
7.242563575012418
8.64617770701718
8.477548464985171
7.023586730909627
8.308658747191426
6.845173792800603
7.3542090517723455
7.267370099323212
7.310077672650109
6.054889075423971
6.343117847427791
6.223175572510997
5.995517481353663
5.8640840817814786
6.955624995171385
6.368122285529111
6.410165473116887
6.4749437438459845
6.933401810426238
6.1657955073087205
6.624013251496306
6.004411557251205
6.747517987317733
6.490471379880855
6.264735044749712
6.227940231445634
6.124239224985968
6.417082749923101
7.314433998284039
7.253157801538268
7.965650628826794
7.008123268946365
6.770039642922035
7.553541079088923
7.64911507198916
6.249561821953927
6.2195285415735215
6.456093433189895
6.563613346497847
6.200832389992746
6.292801224510615
6.503625210457503
6.841151281149557
6.391368654013921
6.540195256329367
6.32867056999178
8.613717836904362
7.969153610809591
7.5893044832521115
8.01432467214882
7.366278133753937
7.559384111990048
7.210810228182122
7.805792249881204
7.168795078286335
6.928216480199457
7.20199874248156
7.375270700039915
11.432167067840998
7.487355000041683
6.708865163676199
7.305721280543155
6.807681497187526
10.92858893766967
7.540199234510147
8.060167409426146
7.325203015585895
6.957675809260377
7.019730568828093
7.047011267042688
7.513886902549004
6.575191803050907
7.526451902837186
7.244364450635685
6.820663053280501
7.635376218687844
7.3279818716617475
10.606637839566265
10.99928549842755
6.8108938250228785
7.324488448883905
7.014008797574388
10.920435709642215
10.970722504568107
28.58119161312841
51.5078644078132
52.98809184000739
55.37966623555572
55.02658030047187
59.05614057420685
55.92648087953594
57.35549791121931
58.21201124556459
57.17800749113852
57.0623049960972
58.50666330521944
55.92801692261042
55.70793187093829
60.43191619966148
55.29494486742146
55.696976434388986
56.351887938009554
55.77065693157623
55.81143119421817
56.94737762689339
59.322341122873866
56.37131789553744
57.09978938115193
58.858062020426644
57.12351780456814
59.192992924999885
60.41825340026978
60.07253608055343
58.1913243639922
69.35880282570056
67.08140452446038
67.41662386240556
65.74622310803078
65.5544341745916
67.97800745089836
66.73959615237908
68.17243293856632
67.29509647811338
64.46775047629333
63.29835920865607
66.95889114170059
66.91164543358947
69.46538446269989
71.45281423314009
75.2852826476708
75.50977239887885
75.18588737660421
78.4855377533445
75.56267392512213
75.57337914642034
77.66954799217702
76.99332050588588
79.00012595765516
81.00018840692431
82.16169588541786
80.02414710530675
82.66618893728717
81.36477091791726
81.31797615161481
86.11249308992242
82.16744248360651
82.00217006955214
83.86600100436016
79.1144909197167
80.56571472292275
80.6193803241867
81.08289277796989
79.14635927784562
81.68274863605134
81.86570129239082
78.8997833180455
82.9999106990942
81.14174823495723
80.93110170642792
81.80099750855959
79.81904754305556
82.23308597777822
81.21594273685622
79.85839763048557
78.37979542123895
83.04296875176502
79.9374691354179
81.11499131955092
81.94773575499173
83.7475241188852
82.3505782134459
82.69606152714871
81.1157112296882
83.49344248197211
79.74674876740586
80.28633559839298
83.08976622980721
77.43235886500618
78.32865686857846
79.46225835364918
77.7759863674498
78.39888601865886
79.88165246301418
82.3812743733912
80.24043526209793
80.69839022618653
82.67559524069898
82.07350288109551
85.31273136161614
83.83258563570598
80.83175830322449
82.36612844820318
83.78714301726863
80.82108694417217
86.12454100828329
82.93680596036658
84.68374895431037
81.28873101670439
82.3469980453092
83.13840784720324
85.60668279927985
83.00775460684336
80.16978767781751
82.91898354451043
80.3295230573576
82.20109449462618
81.83725563920476
81.71147664289187
82.27153358485728
83.11886664155509
81.94194691181498
83.07735247874972
82.71242341212395
79.32866713431616
81.3661123511981
81.83240934717043
84.94858009336014
82.47668011870704
84.7959890676066
80.51963521772039
81.38532869347388
81.40959430835838
82.10491876700813
83.93394082073155
83.6098445490041
83.29309725975882
84.13968274743446
82.323120687171
85.41947835853571
82.21979837192178
82.24076442049471
82.54740488448945
82.68271963840691
83.3433011496335
82.46471786425825
84.32135710832382
82.87812765839809
83.6824274162331
83.56587733887923
83.48704675386995
81.47619628188737
87.99677437927704
80.90060789277761
84.30570738251231
87.08344535377516
88.15947977610097
83.20249628020697
84.31692516722735
84.41099829969271
83.55843297624457
81.44986605086868
82.31908920800778
84.55421805019618
84.54137584620362
83.71187190051562
83.69411301742528
85.49071830997823
82.71748868615569
85.7576674454207
82.82092082916432
80.70850647918553
84.71506162719488
85.66353591187206
83.2215316071494
82.8962355292546
83.41094018356536
84.11005785385905
84.02814210652805
82.26650272393134
84.62560795007208
83.76694288361361
82.95584675688943
83.00597486588632
85.67478422349245
83.93051589800812
83.13887979595071
83.6037314615434
81.66674739152708
84.60241770636561
83.05646398217279
83.68271053319064
84.17343461382056
85.37858297248593
83.05662694402211
84.94469432347938
86.20850630123238
86.76193928345117
83.95081713605603
83.32959930596596
81.54553548403081
82.62619047269546
85.43050108107674
84.36430407705569
86.2058595555089
83.65214224733255
86.98663682917307
84.83188009556251
86.48812051637859
84.79195573216714
84.20430354593155
83.06853504487565
86.66657141918029
85.3527145322353
85.48638408797596
82.38948817498131
87.85160861065131
83.06934281075624
80.06919245346214
83.54807905610213
85.08094410895688
84.27036669894046
85.39613498019023
83.24649849372518
83.67625480299591
83.47729915635371
82.94677965950719
82.50627361546826
85.39077238060597
83.99893286997157
84.54912327296725
84.52128302809002
84.97146190524009
85.47862379263654
85.829276364407
86.31231206096386
86.53617159855222
86.39140169100433
86.23974543180053
84.50897586625089
86.25204795510473
84.07218273304547
85.40327262132033
>1
10.590184249997046
10.933376838463145
11.264179677316244
10.996235142613232
11.13959138490571
8.226145556584697
6.854104949806835
6.808385088897704
6.8924593984148785
6.992000082585293
6.8494049309691025
7.066870906171888
6.778161953466367
7.458149004110597
6.404692816341553
6.760637969207889
7.607562691919246
6.765905865965297
6.6978204726441195
7.082554425633572
6.296625550954169
6.728636356384319
7.203959267398548
7.124611405392207
6.603175367739812
7.061740829686828
6.19786607941491
6.49342340744388
6.6902173490413475
6.671925281043138
6.898835217067329
6.101758545521444
6.453074606024393
6.65931520134729
5.926397840523243
6.39736066325519
6.763059539985626
6.533951524844407
6.778382132502971
6.314639704881164
6.765247616974548
6.869775398573034
6.66763419335155
6.614961464829616
6.796202974938534
6.790190299692688
6.2044696389285825
6.854264725024193
6.151683239848741
7.197929073493539
6.922362345987664
6.4830263278442395
5.937207526445008
6.63768516686423
6.764686394968732
6.701758888778656
6.535944300355411
6.742392682024143
6.213284853454594
6.486104057654457
6.837822643925063
6.07725704692899
6.689746213529854
6.52656450699403
6.53017148010073
6.492522649579409
6.998672930226303
5.773909553568749
6.342019809141273
6.707155291343032
6.539786814115856
9.16081002752357
7.0123727097037785
6.338430085825851
6.7349049243749475
6.481496999373691
7.233203152071366
6.823307701041044
6.967995412836675
6.960367687417232
6.475271044137674
6.4186559153723
6.5299914178434575
6.8094349102273775
6.888227074943301
6.353403849603147
6.741175361852967
8.364400399088495
6.813639976993498
6.535271962861379
6.8692387879544246
6.535026032902485
6.974592575803405
6.6256130374810365
6.875927684642969
6.318874166949058
6.3253328446597115
7.437694866016164
6.792906844103787
6.829430761532874
6.484971795895497
6.775968739012187
9.644365846429867
8.555318892570178
8.344055624298843
8.201564576554365
7.293769290132062
7.081921120870923
8.59330005452523
8.420997489340564
8.532381558061182
8.572436644477406
7.560186272708406
8.242223933460034
8.64749529250931
8.317340880114063
7.661298935490772
7.674261684953504
7.215922618956016
10.589122654511877
8.201475930624104
8.257964449817148
6.725718586645699
7.7823896951140465
7.690384681574764
7.4419358294511255
9.464209263399649
9.193533920598803
8.507396639631198
7.434758011663371
8.118979046792294
7.632495799152977
7.988018216550721
7.738416163941708
7.74424351069679
8.216448762273071
7.981300882707275
7.36800815414611
8.36579718160101
6.832249532773635
7.544644088399851
8.28470998323887
8.087222795668495
8.752694949099686
5.819852454569587
7.923501397709479
5.308695300006736
6.374951975993151
6.719235090706967
6.03420061992465
5.323493058177225
5.612782404842181
5.509464550666597
5.566655203653421
5.52220360614782
5.763794630769639
5.792294029067297
5.5241187679772485
6.408735226656152
5.978878287428646
6.267149038323076
5.500625630916235
5.569869911570622
5.527615599513853
5.965894662985548
6.468014128976398
5.77848484369981
6.108778916138274
5.736298602743962
5.682998342534478
5.996152582924236
7.176242499682953
7.7197328713757605
7.358241741500606
7.627972745366021
7.872427374845751
8.563617331578396
9.114447625869124
7.698847964213155
7.222844063490657
6.121612307103647
6.390329820162967
5.2951768427449935
6.417808435934932
7.17741485862718
7.248208668409679
8.53500979365884
6.503097490480536
6.936345408995862
7.881062353058592
7.015010004467981
6.9537138099778835
7.987341271718117
7.571324008577484
7.506945835891043
6.630784397173597
8.036977016831932
7.387094649532078
12.466240644278471
7.920295428055514
7.856218290330343
7.051277758331837
6.9435189776329675
5.785626307104462
6.003994448629364
5.803828749786293
5.571026990730861
5.497357824599128
5.251009465260484
6.074815664879084
6.244442403660863
6.097258567615372
5.815165487493059
6.4031701916169474
5.3883172038788105
7.42394654208839
6.624289450369534
7.323431639386811
6.7314454380227735
7.676221689548468
5.643861004043995
5.939971509953464
7.3771288427077915
7.462737260898364
6.970951138813534
7.733804919475686
7.434592667056472
6.944373453454155
7.208442385248065
7.476584293738489
7.343028126120778
8.036158902791891
7.519126688708236
7.93116798372938
7.912446966282619
8.726806990524254
7.114496481452074
8.15973046337085
7.9091462969983315
8.00703870058282
7.904053306586878
8.289052944372346
7.2158208786519795
7.2006242545496955
8.17691585879459
7.279912514220614
8.809446385978159
8.075174150763901
8.370655128645657
7.748845168979143
8.01769043690397
7.859068129162672
7.3672055863201065
8.768113903506377
7.87572174991782
7.954417087612484
7.893082541254646
7.959935345592513
7.391618399807868
7.671905870439906
7.5907644003241055
7.143234259170372
7.732836106301362
7.952508604656805
7.560444696641038
7.124124429335881
8.0642954446117
7.706543616933152
7.626065096052297
6.858201314267744
7.455812674134159
6.643985610301947
7.2901790683175
7.614025979564479
7.732977842252217
7.76322334971585
7.526378964048627
8.148155222385563
7.143855877920898
7.418808607254844
7.530768142007368
7.681846378836953
8.527311465662844
7.706021422337634
7.621257319108617
7.805716748204854
8.778806437391633
7.770117921617732
7.670396629551264
8.03128171522892
7.758478910947656
7.842256049715621
7.188382478386239
6.334753728296746
8.565783386137658
9.016108259206119
7.961087252425843
7.686579534061778
7.394053306088281
7.7634006540181
7.696193340811064
7.087094251042955
7.393391450401252
7.702372484318828
7.0417937121606675
7.404036990732582
8.841397584689284
7.645860354547829
7.760950189854988
7.840647265802558
7.876598464560867
8.124918697902288
7.600060306239051
7.816056877888831
7.434096845807035
6.728202197267269
7.689724005141637
7.684569391916011
7.819168592139221
7.736818044278255
7.3798533592824045
7.166350326412556
6.897203114433954
7.411844925597711
7.768691266262102
7.6491715159550315
7.455720394305289
7.222858962271425
7.400995890985447
8.700149685046254
7.742065224699873
7.6165363608599
8.609143611048802
8.176750873145707
7.806263698599358
8.034775111835115
7.849971948136708
7.972266335506928
7.804531523531762
7.8193242510795775
7.599298077936527
8.573372405279637
8.612627127254724
7.6456253403207
8.307018917442402
8.649760909819097
7.797361240806398
8.0441494445729
7.895246149792009
7.374072827556845
8.053758434216805
7.563517766175415
8.63328029855574
7.4245400599065965
8.25446296676686
8.122400558808565
7.394559664466986
8.100982617368482
8.045722877075661
8.773538539081388
7.500242733820237
7.631399686552424
7.952052642339373
7.8547016194905
7.685773890723765
7.685026496061387
8.159070415586266
8.617851407583123
7.917982785721552
7.375739779544989
7.735721525077222
7.793428140144652
7.497478124291749
7.711813654553237
7.975525816466989
8.733215801885438
7.688387552477778
7.41783281568086
8.096445973329352
7.588854727075838
8.14503674274832
9.071298835355519
7.7895145135398876
7.96884086870394
7.561897397802034
8.025342522384769
7.761373846749365
7.806790755615116
7.431397883175419
7.139331046053785
8.657183854613242
7.580710894679582
7.79141102502421
7.785230786913953
8.228061591565352
7.717120726637154
8.266299616931246
7.590338935769855
7.8621679330209515
8.97410387124359
9.127785099948184
7.946997771914285
9.266634960544101
7.4629710714669955
7.416133140705811
8.659171630376182
8.271044540798437
7.5095583440533575
8.265545955168378
7.4282180103510775
7.369341930505375
7.585017561502479
7.885207480337173
8.205666987923578
8.387544916868869
7.310485058801926
8.149998831841781
8.753186167012366
8.416977927614807
8.804179553362014
9.304473734854394
7.625444696717296
8.45879880597941
8.89830361505513
8.75762714890573
8.15972646510526
8.870565790134995
7.861829601940038
8.761530833166345
7.951218412719694
8.525887560330789
7.823976295469175
7.539725143498494
7.485860839226156
9.254777064261795
7.099367313954729
8.420494955650206
7.910217000073381
8.928753475209938
8.48722896236982
7.651713286578314
8.136015473639565
8.526790746610871
7.774338988603792
8.02359444220666
8.276671548428347
8.16637033994866
7.83326187466037
8.162743013413417
8.15108373644021
7.845444876304548
7.871823602704325
7.710686960397122
8.542125230221608
8.073527174346925
8.291897256920668
7.783725659510887
8.01250158782095
7.605123136401691
7.844406048270805
7.766485497178759
5.907645106582513
5.738616012360535
6.298331594921003
7.438923728403872
7.993120709180946
7.725792972961076
8.858172797433305
8.566212336870356
7.609577424922631
7.673420496744698
5.479619129355656
7.899483043955463
7.065077339171223
7.762863368018356
7.3271936183770885
5.31726256035917
7.007447290960305
7.504518107647631
5.966975130189537
5.541402067569633
5.510591113861561
5.621339943017452
5.818398437475305
6.056680535788195
7.22609190939665
6.280556807061743
5.521055719662861
5.574627534536009
6.199867052002043
6.139825636418015
5.425282382923331
5.766998010406006
6.176275457086244
5.917256617338873
9.472206843916199
6.8052588552874305
8.072665988710863
5.966024048482663
5.83940112654071
5.1586522344755545
5.7331230229044925
11.35287876607502
12.407570083908208
13.186740730872152
12.289119907826228
11.454863218453188
11.595466956403042
10.646039072439915
12.288850852812764
6.355269862389366
5.453856906519165
6.649998846908927
6.678967290495236
9.130360528746321
12.933480255741955
14.280618959334998
12.526612430264374
13.769761296030365
12.886855342616569
12.174363183989549
10.258557322129114
12.7506776371665
11.016150324014584
12.778654962109044
12.80344870158363
13.144261074003412
11.297804349267771
13.299739376353303
12.87650823684443
13.016369398045722
11.538142877821443
11.601265211626735
10.92341618451952
6.437913784305716
7.433874920210414
6.459809126287215
11.021269663891907
10.55712384657181
11.627705731093013
12.453026807223697
11.450677134630975
7.984096669347883
6.149600543257426
5.631202713147404
5.613664187277948
5.876571872385734
6.109484387675879
5.519498761903919
5.967796762380795
5.893610232200367
6.00728049061115
5.605222361257246
5.696820469379904
5.759320310372063
5.708185909502354
5.86956535983146
5.720235826383627
5.497791425994825
5.707504483384469
5.929809813280815
6.084235017188327
5.488893356083144
5.789192355005562
6.105267831857373
6.219779275312803
5.619187439321862
5.64619288428662
5.513509260345533
5.775360111777559
5.648053772841711
5.953425037231343
5.673472587332738
5.736148729166632
5.920395353851398
5.970391583810694
6.67121027839512
7.023920132998175
6.3390003899944665
6.182800084832404
5.89207244936123
6.644131763295251
6.062088663880942
7.064038828041193
8.490750460132057
8.054475688008493
6.975517526524358
6.23686440351087
6.6914080481461475
7.290107851699949
6.548622862474558
7.121713779916118
7.289144740714802
9.456380030641892
6.692578523665585
6.13812259556903
6.276099169237844
6.851224266876993
7.112442677057819
7.217980752536343
9.539572789246813
10.242197888086267
10.122887384151701
7.835605418949131
7.358359988937126
7.874419404822417
6.417268931049343
8.966507190733598
9.816258723326419
8.860715785805962
7.7151175681536115
9.340335918805541
7.127369251980947
8.895456798223979
7.713668025812018
8.765598997917422
8.877256409873954
8.334788680341003
7.598387572322714
8.31915237089857
9.437162903250192
10.941490060974138
7.537729882942287
7.721557058251782
9.344366339330916
8.195842216249554
7.071341948290383
8.313349542433656
7.972975044402691
8.538300916264566
7.014286125524163
7.4559124812227235
8.19363164774302
7.396007620463073
9.769282157347124
8.312047227185058
8.077360248448096
8.56131955717003
8.792588733456471
10.872522403612631
9.903929414310324
9.020122933964442
8.47360823298975
7.748803301092584
7.732846966811272
9.847696295559862
19.290590321291205
25.193388702743796
37.837207062878456
37.976282749476134
43.17954851457395
44.05803938751686
44.41811319799583
49.12927023079608
48.266028089906456
51.23948586033989
59.53087940357648
60.57940802677625
64.09661026055718
63.36857342218758
62.59944728005484
63.433697682307404
65.1717192165673
65.70319625354031
65.50760874131251
64.52050647204022
65.64743743265943
68.9581453411882
67.45713351156893
64.89403300443244
68.04754635341997
66.85809688115827
69.12694812973065
69.22695057943237
66.55023412735915
73.7085889558459
74.36467637496385
77.2907243080585
71.80314212781427
74.83298848813531
73.56464399625062
73.52089269302763
73.41452373795757
75.13836319561007
71.52046997046186
74.6382043136151
75.90929998847714
77.99176963916278
76.46993013901027
75.15182909719222
73.31647168671377
75.55285987252762
72.13191281171517
71.26194446432997
73.19331355231253
71.60317390171888
70.7144224113693
73.00241206066659
76.02874146195897
75.78984061866308
71.147270844541
75.0136137040726
73.00291292081987
72.73450969862355
72.99765126166204
73.38201065667049
73.54571439228778
72.87151137463799
74.84805179583215
73.22758345144418
73.82410805758268
76.40040551069362
76.64715059167771
74.27164879695245
72.9363694492631
72.33500121506478
71.79595166307205
73.41064104577804
74.05988933730758
76.69854462801815
77.63895570439199
72.93806668620962
74.02377083219116
75.42784362434598
76.92834893982753
71.57094124444578
74.57612992320273
76.73033447650089
74.27676368350303
73.39137038998022
72.3202666066532
75.05371853527986
73.15575536455472
76.11396509730233
75.11577626572655
72.74479654664985
72.664344759882
71.71458674481308
75.10659777506612
73.61493271885543
75.57095740697822
73.76608259011859
70.16354206243436
75.17535650117277
72.09385072204519
76.36460545557293
71.39740536453125
70.86193445524674
72.67970568206455
71.89669855890104
72.74760312383245
72.5855383665806
71.65981936493885
72.63233202269748
73.54003564596648
74.19179541790771
74.85664510749454
76.23297581105477
78.22132164636697
78.3526222887693
77.23848719497973
80.72556765539142
78.85895601470563
79.05018834348756
76.83178711189043
78.227393831891
79.19601781798457
77.72755889149508
80.52445745636268
79.16032926898501
79.99268017026282
78.6896053553268
77.72220059511609
80.32974066292378
80.84577788493094
77.46864438884943
79.30545662461935
80.10772286399921
81.53229556088004
84.14406757012128
81.64373719190904
81.71589101528268
80.93845747848736
82.58060214362274
80.81084395192046
78.5727970622323
80.94095491792717
81.2009762833919
80.68004154922977
80.775854212259
80.58563402594504
81.07024420651227
83.57721451492729
80.89194542031514
82.76201135947943
84.08118537931203
86.72907667795353
81.86209364023765
83.69414560688796
81.97050614258153
80.71455607373898
80.75741080264866
80.80705281393165
80.99564843925246
81.07008193011228
84.88261529346717
79.27004840454858
78.35059406686076
79.90296838062505
81.37779084181999
81.96160356559035
83.89761434146818
83.72400791811262
80.82142192150447
79.32359890274908
82.33112741967173
84.7941401373394
83.00552477507829
81.08463107255142
80.71136511780497
83.24325675698324
81.13042898944758
82.26148389369492
79.08881445362178
81.54613643140965
80.8177096777388
82.44088183911974
84.09633092021362
83.05895615076349
83.05254153466377
80.14156529078046
81.72544756766115
84.09075794762937
80.93541335431144
86.09661215535446
83.57486901620396
81.61023235530725
82.3627474380441
80.00233561504187
83.45983707588985
79.98415253555746
81.3826274379928
81.28038656137699
80.04384174277969
84.71060475581248
83.51175884279465
80.63475273696952
82.9645822887055
82.17193261431774
83.57384373505744
80.40440966769802
81.85920362166216
78.38244227635953
84.95047164354918
81.0888474869185
78.93949087435816
84.06696875585803
83.4205887637811
82.34957793059473
79.82039623506485
84.58600541532806
83.01214665984293
81.95828738836592
83.54321380765738
80.54334585322353
80.72394252940076
77.8727937680615
81.76680387876858
84.0097403070005
85.93886765238673
84.34687657908847
85.27372867959006
86.85205247698951
82.79161556611398
81.62272770960062
80.16559740666357
80.48586006613051
81.99477827032665
83.20775133257315
83.22903637575342
80.0997784550681
81.43129512027268
81.69624876126693
82.9167586384432
82.2502932326168
82.3062541987911
83.82044626564348
82.73706523078937
84.25101433571285
83.49136938192966
83.41466583530938
82.77572453435397
87.97444129899209
84.62278634529852
84.0175809487915
82.51979822689
84.50131566908972
83.30764595560099
83.83802287335979
86.63205400411512
>2
8.463333871218012
11.140567476149817
10.565964232511803
8.779515162555628
8.548395889302672
10.065288445000204
9.765318886449364
8.610251715615801
8.406757374097765
9.005114634954646
8.109598737561798
10.572668001017755
7.824846973169622
8.269350145025884
8.403989714570367
7.835901898588767
8.299026461851607
7.973402421955375
9.011790512805497
8.728616819876041
7.970117105365418
10.515194177509645
8.156948189389617
7.304663042671147
7.862859995273646
7.56606840709997
8.54423599073121
9.683821720011359
7.819488477481546
7.750320190188403
6.720820539268414
9.5451659500305
8.818147289673842
8.362029194136573
6.873634675219695
7.635959824395825
8.620989177837103
7.91852255224445
8.351374311044166
8.255949019154313
8.59654635125446
8.497363487552226
10.68586360742674
7.006466127845471
7.319222914998049
7.257455651360959
7.329123696813378
6.405123607574276
7.178753825150174
7.091325725317081
7.703828239449911
7.035226987442155
8.249518038558989
9.040096770082455
8.438419908656263
8.617563069863412
7.924881363659626
7.351262688702364
6.937981028194039
10.53331220869581
7.94315822468476
7.514881590299927
8.553461630612354
9.256855763944904
7.025603633189592
7.819388891378505
8.301119391742528
7.941732474033452
7.084382197606844
8.21696652058667
7.327638263441933
8.533647918868896
7.296551475703549
8.315522628522986
7.449428632964597
8.805539262065517
7.716401119039263
6.502195188565901
8.513514569821238
8.703283906640278
10.846492467271933
7.091885381273569
9.225372694505905
10.79690843779706
8.613819567564605
9.197098412272375
8.22204969015095
8.733766794638424
7.823807907785052
6.651638232803486
6.498822532790168
10.505787863082297
8.672583909754552
7.154590856380749
8.057460889732402
7.719420728786914
7.4519820976260185
7.362354689308555
7.7490096112804405
7.778839801363507
7.5196087074481115
10.346289058919055
8.740242498029192
7.567635671712518
8.882198035023034
7.989886884345527
7.629288026478327
7.918212056116913
8.559778019487656
7.742104223711611
8.180532532163005
7.7540422754203355
7.851730219751392
9.007244976780868
8.536040314968599
8.483441655729342
8.670975282912082
7.766255122440648
7.826656169645007
8.175379629011843
8.441766061358845
8.491799841000569
8.978297492303188
7.92270999689272
8.992355158945559
7.773377369911865
8.107879664825242
8.152017371855923
7.295346056443649
8.335265260529996
8.75119857240801
8.814373742379278
8.096205813564785
7.87521385529889
8.232544582600248
9.010351295968038
9.47607180849657
8.64280612331665
7.231843165416538
7.194171303085179
7.063618151924403
7.165161963507095
7.714326691648653
7.53348093565553
7.342862238254575
6.957006578116172
6.502694696341607
6.908692890765503
6.342567675744885
5.740929330096095
6.913076647653814
6.719327526967407
7.3347917573442905
6.068403602460107
6.368090069392629
6.751335303417026
6.427738881784039
5.941962150305112
6.9408899096891306
6.638185961942117
7.468573386339973
6.661781696739403
7.15516698731191
6.694308909170481
6.502590161284958
6.581414733797885
6.687937259919136
7.137805368765668
5.989023814173649
6.7903983237150785
7.033589724764359
6.603081084739761
6.782506089070593
5.794663253179982
6.538417236064913
5.686915101051378
5.59577857801787
6.416072494340094
6.219227617696951
7.077484111982995
6.405845349849751
7.1932426214738365
6.206360156513244
6.841911259497278
5.771126970862923
6.237822653889355
7.210434861836307
5.8887392148326025
5.672607767792018
7.123888844035489
7.7275598728212085
6.993500419000859
6.833395758677627
6.1667703817517605
6.800244669788052
6.735029315511166
6.445393634439858
6.634872938561113
6.745435487529263
6.885459232551814
5.90675607777762
5.536740046500344
9.745629990492692
9.316163575540736
8.525485947288054
9.989642458569724
10.040450582341236
11.37075650287454
12.751230778788415
12.9360063479125
10.988669928384509
13.717704940666513
13.18535414171323
12.387964960513917
12.401216409089207
11.722765138988729
10.067910436958199
12.022962802126875
13.045796397774945
12.073830353028164
12.993192130560866
12.799207887718591
11.455994244770503
13.586189413278381
11.277576374810343
12.275097660516762
11.997299064695948
11.32699808979788
11.82809587225954
11.6823290014937
11.820315615307774
10.75923698689663
10.202969893500473
12.486469327368937
12.740862060117733
12.560824054529531
12.486961605270091
11.829480504833006
13.040385556820945
12.179653263446712
11.51222686661746
11.6644891942755
12.727531575091524
12.741300135171251
12.468595400850274
12.313675633761257
12.530550963513042
13.509959024780628
13.629300088888924
12.747943309841384
12.741165617294898
13.184513306751645
11.576292885953468
12.100720417744427
12.752815693838132
11.662335583311329
11.692878924627895
11.053335458520381
11.92569584247664
9.368584014226423
6.3413665527616985
6.703508043049485
7.104491433906318
6.447006061912852
6.56552700351167
6.425634228323248
6.904929461702971
6.845964007511581
6.583890715995528
6.878537482057375
5.9894053249690025
6.953051451617079
5.954417452287528
7.079656071806981
6.803817863284167
6.646397424021206
5.920160702446176
6.672567069770226
6.897345920013139
6.462319924980026
6.6863250287995815
6.366962950438411
7.054234712158229
5.78283154145781
6.477324321890917
7.165418163602101
6.765532200806705
5.824421562765411
6.275789288746981
6.764393707066418
6.538677118740799
6.403315274721172
6.491176689722095
6.707186900855955
6.725210620054087
6.810479029027657
6.596136802662397
7.040171576871551
6.747237873422754
5.888450924335705
6.080842168128489
6.675824211026555
6.504806582706281
6.676062374439057
7.394679306828007
6.752294139732848
6.67111642554447
6.6569151932489845
6.789961829742003
7.091387449428841
6.677490188771888
6.007777386637062
6.275654875705002
5.83874495047741
7.149933286037683
6.505834317517474
6.908743900185534
6.260496202054294
6.55336269099516
6.80455683887008
6.657096371429053
6.6400083064706354
6.613750496784912
5.670147818620189
6.588628969995243
4.947902532051371
5.858900445423546
5.754674015591225
5.0261169453301076
5.783690873083361
6.332572467592662
6.151245134775201
5.51482157442886
6.1224239090680905
6.246722254636625
5.62938912926106
6.6504562544264525
5.989069923072416
5.546638284336754
5.305990847117783
6.1053661278115285
6.437389574528208
6.445413917355216
6.379546221234602
6.865480251722989
5.863210188663371
6.245694875060134
6.439015075596982
6.479705274171295
6.376876358110318
6.005914444617314
7.801944023696738
11.153087180712477
10.114196627370761
7.3104754332425745
6.903582197057479
6.846381342192695
10.864938679156538
9.596636662902357
11.436742142993774
6.6688153891142665
6.31048314153243
7.275742192842906
6.57521020862289
5.872403218834975
6.305261653816511
6.320933413643536
6.927843354920148
6.3864724795806715
6.375003592420878
5.61365002504397
6.485122931084265
6.862620413786717
7.143168120891214
6.615290191883856
6.669692091257614
6.297673013300903
6.513325776188438
6.3265840901118136
5.919446233831327
6.012240132809121
6.17307396498641
6.361864913251496
6.7072744075632365
6.324192610332612
6.551284386873371
6.285215303526656
6.2616344631460406
6.723861501603715
6.783229689698594
6.405595678729283
6.741475203359949
6.51295358318189
6.536242059097861
6.787297716600934
12.104085124082472
7.159506438294296
5.509731773577075
5.633966628972959
6.201475150685566
6.240169220476071
6.6734279433859145
6.276264142865015
5.345665891118733
5.420680398851997
5.819971157777623
5.40458948022333
5.922305472308298
7.59626606373345
7.633108521308631
6.008234798425197
4.86880569751312
5.455112623774058
5.660734201928098
5.766104135122344
5.488526214389697
6.1274340698727885
5.553246061512783
8.545662797584079
7.650354076955523
6.332210157794729
7.738641105244183
7.138399415036128
7.182064751078702
5.803560824417377
7.155110893011462
5.6506372297099015
7.740723758267303
6.837240546124343
7.545014348056177
7.7515399731258094
6.969000170276287
7.701703140597511
8.402422525097377
7.805736065228954
7.557991393183664
6.995960895259657
8.906700515651714
7.521265356854004
7.632536937492705
5.725660038061642
6.52034625636778
5.627740417746814
6.241734775345921
6.667115973601123
6.7256048512634035
6.632408590953035
6.8124176403405325
6.356482980854191
6.469766977686104
6.3053693378012445
6.892471399115258
6.458342738902075
6.490287642978168
6.407787483337932
7.038387072343063
6.825007435827168
7.042061754455261
6.478651196119124
6.646365278799374
6.728672772383026
6.05580415094823
6.385980564425269
5.985822350560107
6.142945733934193
6.540329348511843
6.1807466557133175
6.425155318850446
6.33646466430343
6.694286938797885
7.068184839295681
6.178840455532334
5.992513096231773
5.952675804687524
6.708959967722544
6.522684945252294
6.511398592428089
6.240400504089086
6.022351508753283
6.872795508984279
6.333698974668507
6.438388402182018
6.540981266319384
6.749959079020595
6.334090050993261
6.602478456887989
6.134753252074901
7.457033658728505
6.695416586225504
5.97572540905106
5.692670264398879
6.272054412255615
6.4201052110750965
5.681696022881379
6.449889277565457
6.3302547356777845
7.082805284446436
6.299817483545052
6.618975098044736
6.981034798910246
6.778192571384097
6.578584810322356
7.060295335536654
5.587796482634197
6.93804320360815
6.381666299234672
6.727539619072222
6.314205670595785
6.217142148704201
6.858862493009372
6.9644728806619325
6.343959080797992
6.2622587409031825
6.603782617447212
6.765962642608736
6.51494396528533
7.051854381802478
7.047371500436752
6.971873858407087
7.05938357922901
7.113584930475567
6.783856278872563
7.977224110957431
6.806585392435135
6.6590281257026325
6.831104295817649
7.071398726107174
7.0053918673973605
6.894675853526122
6.6571743752760515
6.356385067464182
8.013891976263826
6.211035321286963
6.716232426583398
7.037930667850197
7.2815422345515985
6.9086727453190555
11.465669246678685
7.365337639991754
7.347353995064336
7.508869071559935
6.510002431574366
7.464215611334343
7.406400542212546
6.646052148324769
8.511907291517518
8.283413566166969
8.255692481594698
7.989823636122761
7.123914230221256
7.226910751243795
8.261289137332584
7.515251133198158
8.749299760709146
7.680437192490277
7.521223686643514
6.977268505766329
6.758622436948589
6.641653540240751
7.009485815669892
6.657148093923567
7.7864018948598925
6.602342184515324
6.218528780512017
6.919481777711144
6.044810936814781
6.970262014524774
7.581851460940895
6.049297370541299
5.928950843118338
6.8416073411842335
7.742521467150467
5.899164868791491
7.480813263040682
6.139331755051292
7.439605426212187
7.064800934778618
7.116614517938952
7.444077489225425
6.401776429201291
7.413636499957371
7.855416022636238
6.52082744794906
7.006474871925829
6.880790280787317
6.97162899224745
7.872235433076538
7.586292966052821
7.80432749029244
8.602866317778169
6.1561572682131755
7.8258845184330985
6.822483349910106
7.385252746688486
7.05537520482225
7.448509866839413
7.8378578713686125
7.702236988740379
7.924803657344215
7.078040744695436
7.009256952679422
6.978204193607397
6.847241867351553
6.816689766181754
6.67362990017363
6.946809221260883
8.069778532235993
7.244584675907538
6.854023432240698
6.8645933259644165
7.211905515560977
7.192718645863955
7.316595494288952
7.946916297368375
6.827656970785615
6.996490044200389
6.772776095125473
7.039906793844037
6.6193810707795695
6.91938043679556
7.06091077971773
7.357494427461502
6.744617974120659
6.712492109163093
6.691443173626907
7.129675646496525
6.940247690211445
7.161209728424131
7.60819167329131
7.762734632695356
7.601434690103303
6.899577874057949
6.984519955461406
6.824284278005588
7.735494969477862
7.610940580057601
7.660747137356797
6.877705756323745
7.167778145728415
7.167838757268167
7.089280064684721
7.23818304597663
7.643154396866666
6.955663009146473
6.965452105281546
6.618284197196714
6.996125646499139
7.323164792020017
6.925900441731419
8.733090122458767
8.904465129409155
9.776322406958128
7.472254518143736
7.658938226284762
7.7241062242258485
7.002949638711758
7.7782000366066155
7.655485475882355
7.9516373276974965
8.44476381199675
7.721482698416284
8.812289250697878
9.129380809486712
7.499040046453267
7.208997601353515
7.986664116358886
8.248739983648935
6.8594936107815965
8.08327969014733
8.046789666611929
8.654282865866936
7.428765518812496
7.654590367218356
7.234185666216285
7.35138168346499
9.69174338861571
6.809454749251225
15.63159530548261
15.199257298085431
14.409747962875736
14.943711505900207
16.7390147033017
17.18835398435854
16.981091005363833
15.680606312509726
16.515617392177077
15.677538226306762
16.321913939380693
17.504266878010117
16.333575917883866
16.281839040847565
14.762701765645486
18.33230743812892
16.013319392048807
13.35557408058286
16.553071050507487
16.3080970062442
16.50862057945038
16.719653435128233
14.766177699867043
15.385263388984148
14.802628021491012
15.229914673008993
15.366726324576202
16.31941555031869
16.869184782757255
9.341260029472304
8.230595225052394
9.26461900542062
16.84072816751063
14.075196655724183
8.05545291915743
9.287067604957352
15.689389436403031
15.246285684205349
8.219237655991966
8.706774329737463
8.214781419965941
12.116489523245228
10.304767810132532
37.76311322242318
43.34755398428303
44.17001443245054
51.89789731625449
52.45937499417931
53.77025583936103
70.39233669473255
69.98433756601843
66.66253478175898
70.58784722740835
72.61008424787174
72.52222742949505
71.90815036336849
85.84890952583814
88.88181689899451
89.56810289139872
83.46317460160228
83.53673034803218
106.94218430517033
>3
10.568919061860784
10.70979406652122
9.458096634527132
8.82281401813475
8.288042346936246
6.743868536316928
8.752516195837778
10.941548335677899
10.978552211581677
8.811892293390708
8.567275634018461
7.383116770781037
8.949784011500071
9.575334956988666
9.510113390569439
10.39216895259482
8.978924717210381
7.931329506132627
8.45243851928562
8.222884905425735
8.653758055679802
8.300282379092696
9.455675471184964
8.87239168968272
7.764743402201731
7.146139736817727
8.610097148007789
7.297676197210702
7.892443459600708
7.454480108931378
8.932071765253614
11.13624085836297
9.338546981231387
8.503067474998739
10.660738759903117
8.74634414806006
8.34042429618464
7.965330456690921
9.327666407225871
9.664091794977638
8.908412759015487
7.834090813907185
8.906769428189895
9.29780892700479
8.481173147342185
8.652689802518793
9.232202451393032
10.0364203886546
8.408579374954783
10.974094972560657
8.487287675389316
7.23194326548603
8.852643534680587
7.830751046285396
9.3976387240111
7.395325230965329
9.264654322331277
8.2571073533027
7.627895112321923
8.397124941373706
7.427146451706832
8.606531072436765
7.927710435034505
8.131785465114945
8.239920964123783
7.58262025828017
8.058396064086313
8.136078077789213
7.8528188819931835
9.079323226231782
7.724070073797736
8.110598391545672
6.596368717892312
7.788155954486282
7.798264232324476
7.6702530623293095
7.738085227277792
8.0546682879663
8.544688857171435
7.665176973868963
7.758682291392562
8.313777790653756
8.18357773069751
7.929922489756932
8.556342221678511
7.507227957940102
7.791330020148161
7.697356869480579
7.746429755342788
8.242137083201863
8.611467192001435
8.142582732106286
8.204054013117409
8.977643628312089
7.774549458560592
8.856130899134273
7.921681328499576
7.5130587217782425
7.355777814887562
7.952346352032405
8.205185190522098
8.651780422768162
7.196002435999805
8.45216858644797
8.631141822034811
7.226261034626883
8.369423828927172
8.30881413808517
7.809752842966586
7.961135398014869
7.80971439643798
8.003825433356209
7.370790881819308
7.48314171138697
7.643192582413207
7.66567543803221
7.211372844802955
7.060994597854541
7.376867368453675
6.937268365158984
7.843316015539125
7.52027014147161
8.054022589848824
7.742331508866812
8.390901064928471
7.821430035917248
7.052754847239484
7.661670823720013
7.195108367328839
8.303073966293704
8.336167851841621
8.181520243997392
9.1098167416917
8.620303391225708
7.631104042769156
7.55742202363713
8.393393900023693
8.107520339049653
8.258724928160264
7.438777400432603
8.303984480557371
8.406484816853915
8.524648044997999
8.569897438684542
7.988723475538645
8.259888702206242
8.284665174649225
8.130471651406525
8.081011655619212
7.663606598826818
7.992565885289494
9.128016249170553
7.99171476759501
6.09710518301261
8.191623607888502
7.7983865851521434
7.806927453878321
7.805026778916707
7.867984783857686
7.9294998729384405
7.9269769496733495
7.379133301886175
8.037419979240994
7.584484260617999
8.119279063932376
8.647520578070651
8.105363892500861
7.7853955919959
7.987289374238314
7.679107001868852
8.157553252997946
8.922437440885737
9.004385093769471
8.299781320416583
6.491527489094387
8.407518910755535
10.982813896234196
7.6515125678633975
6.850973578568024
7.7777513355121695
8.216765162077095
8.125288466409929
6.891018129426368
8.706342521607175
9.095533597194757
7.7598643408088455
6.644726484815362
6.342222176199473
7.176541569026058
7.817849714314253
6.755556156416145
8.175958075804562
8.222284080881419
8.13215236167406
7.243474022144098
7.7448286686945265
8.19477867540059
7.602616291263645
6.7642051280094515
7.954343094825759
7.641022898607781
7.580147731624356
8.073167679467065
7.763631020598674
8.004323330459695
8.280695596034882
8.691398415946018
7.998413973346062
6.900988926346961
6.996150005643148
7.0035609567344075
8.151784082150195
8.198779092543894
7.049235925599534
8.490198321095113
6.468826898539904
6.563306210798743
8.57579209876042
8.134552666982563
8.051164548960042
6.762708383502077
8.093599699309618
8.387549562777824
6.864860447082432
8.197536732946574
7.934226981582948
7.433353113254675
6.246192266202652
6.496360887485881
6.886046495348711
8.554296232203779
8.341880285071323
8.736254582402909
9.429437003779073
8.33991738048227
6.726831685115086
8.566457530151158
7.8648942161506925
8.02975584911898
6.835695247492481
7.268583970334758
7.033815242903597
6.8489556611324645
6.856869739202738
6.614768918257894
7.1287950836917515
6.984142305339472
7.165078939193008
6.906268787613476
7.232052903024053
7.5322359105872465
6.877384557364446
6.65457973724118
7.084121546246529
7.184973118574428
6.779037953021568
6.894241893407788
7.17748466573784
7.120096362953224
6.720589102020194
6.237527979504995
6.611741486160136
6.833158067791445
6.366356427133004
6.625372909908403
8.764547178654013
6.80807977415345
7.527362543780531
7.212022923765862
7.5511600825913465
7.111280037186333
7.2001369090297125
7.137945797921191
6.818227570310562
7.48805034736015
6.889700102156059
7.15303551183867
8.040353439440866
8.341394885618396
8.049372631458974
8.168308877713468
7.96802817200321
7.300400180966626
7.379724679152512
8.736227737720117
8.12473086996548
8.444584635803349
7.952760113882885
6.918450150969328
7.148809526266523
8.441901882106551
6.562423156912478
8.492887736908274
7.708268333789482
6.708849404038017
7.258326437225887
7.1889554119545
7.248681188135468
7.433361419606041
6.825918121192216
7.164643837254674
7.270948593429126
7.024693517716461
7.03607106463962
7.030126182861862
7.2913981848389575
7.126670911675115
6.900648773407258
6.984668005652928
6.907467891473385
7.483172402925196
7.406964333961721
6.853127771594163
6.694311152059072
6.704112510411352
7.565067987172862
6.7812126453155495
6.5750064002995545
7.111399831971763
7.037159871615741
6.8472562087744615
8.109512721493715
7.906203157650351
7.361497117896998
6.963951352115083
7.114313150460507
7.120605534017685
6.7312251593026655
7.190920990356954
6.6433455692610766
6.789996274839556
6.56375158305985
7.427083477467357
6.9329334051309734
6.9246672137808725
7.063182699564102
7.068186834697434
7.727331766787316
7.401246297234966
7.331503903000903
7.138177038306668
7.078992849909624
6.893166504532085
6.863519390188731
7.196829725085299
7.142527030173098
7.153190213132467
7.9156105642773245
7.329308269849047
7.418243725669283
6.937577274028467
7.208956123476551
7.195231646910341
7.784676732460541
7.089261966278668
7.37634845823849
7.542056793437556
7.238986190564157
7.668573621599804
7.740594588950635
7.449294017710037
7.886167714235841
7.354216642732224
7.171928437606166
7.348787379959752
8.006651513239289
7.700139840836716
7.24400229994892
7.682807381797972
7.616220504360396
8.00301684143229
7.29656759312103
6.858987727315277
7.80338999290136
7.260875799153641
6.804229413409518
7.769060290962517
6.890103731678573
6.712802193464258
7.431288449835796
6.646501411808042
6.5709233920696635
6.939774576874905
7.580049268057832
7.625748819306991
6.819304501832495
6.910366859188433
7.0110582211344195
7.001970855973243
6.9450754458097235
6.836093428101234
7.044690334386599
7.0019420146829985
7.004859609081267
7.011840740066296
7.1886928021059155
7.115105137926912
6.934274244791498
7.081879713645962
7.135638723057921
7.084739277573301
7.205643615456245
7.008309201226877
6.941960892102627
6.9879406803475135
6.917924349721905
7.249943606152321
7.079623824742218
7.289792071987652
7.003241104587088
8.209414554911874
7.487484913867659
7.079900152879728
7.185183637138125
8.012577543234968
7.546942562769462
6.943058630231459
7.477910326641416
7.182422655435742
8.672377685104891
6.777309168039601
7.606948425991478
7.0537628190480754
7.136211001488528
6.811529588263114
7.000342739909195
6.932500744222221
7.099439604248693
6.6342467182813065
6.8726605895810176
6.851582415158862
7.756987705461552
7.366234200736246
6.937618323582029
7.077957841845577
7.152106590587435
6.966978888988162
6.966040922234296
7.387246167829738
6.6794591090984206
7.002768299172605
7.178391441198313
7.0277598501581
7.12234675321661
7.010837094639312
6.705088285745784
6.992773662050897
6.8006124202061535
7.2786422110835165
7.101553524383273
8.020090812758465
7.222412723805066
6.523081947951185
7.495001006187415
7.217766542711394
6.925836180519185
6.782493589101492
6.729135031142906
6.759469480046281
7.151955287032031
7.145801041063988
6.743284008430946
6.879602395144687
7.016203323982219
6.650709967711896
6.769834263553636
7.028993270236598
6.440448542437555
6.729915324750216
7.0462534437092925
7.898424820407144
7.0260694496504845
8.19941104375836
7.659493473177671
7.373982091454959
6.649864864712348
7.660098526830577
6.761937734295149
6.702343322260142
6.876218142018391
7.904478160215428
6.912038754827574
7.126723382863798
6.782123886400999
7.026215858942442
6.706409970582588
7.775462645457175
7.011566994942219
7.170177765371206
7.21084147169395
6.935423540316951
6.839958471188373
6.847874840042036
6.780018850876854
6.924993793985348
6.795628231111004
6.986758029470628
6.740784184017373
6.688375658891778
7.422279916568807
7.95789948024625
7.9123563850657135
7.756042450067576
8.32914407797288
7.338899347451143
7.436991363598317
7.22014392841134
8.086981341357243
8.151029714078147
7.824007692461424
6.743312735533648
7.107355560301571
8.393757449258526
7.407255143203365
6.83221301244263
7.077136981422591
6.694104613780249
7.143475381716922
6.979528414594843
7.217417769051846
7.207900172565485
6.781739172627146
7.213338257981434
7.2777319213839755
6.934044558423441
6.848503968667415
7.119619508731649
6.4227679628181455
7.302779335635561
7.097430493243323
7.122085319013806
7.912932467671745
8.612314136426868
7.373395201056997
7.062982054026857
7.006889690763688
8.971832591921919
8.247930237646814
7.9189887343826495
10.057975102588086
13.877728646175242
13.782102505749076
13.84920091612061
12.348018149057225
13.075446783933375
13.440812119876972
15.469299296465195
17.25805981656714
16.469014550904784
17.56956422369417
17.390248245597068
17.850839675363634
11.334443287905158
14.029028355041337
10.285683181621568
17.2723916043089
9.601964791021386
16.37423288451627
16.972861090810117
20.20057371380644
19.547478278973276
20.068265906156558
28.331739760653168
24.32417483648985
22.522303563156107
24.201043175450245
26.153052780062236
25.582854060695617
22.71959586704752
20.990432981402304
23.28945487981996
25.661307387882104
28.297639564153
23.119010470519118
22.261620605529433
20.845022721137035
21.46480584098081
23.94882921300993
20.335781158023824
24.39701544317079
24.721734879017237
21.57039916993791
28.07621162329968
25.56926804358195
29.15238144288385
27.208689188069624
24.52171562927232
28.58019968130004
25.94427350020063
25.405884495906175
24.558276646782794
27.34461798347916
25.270877264248277
24.704704801898114
27.453751282834777
25.937158525684442
30.328400950056107
32.02539102031319
32.89102913703777
35.886238026368254
31.53630926952403
33.14540588553563
34.90924695322752
35.77252351048477
34.616237036224504
31.53758050288694
35.917641549314546
33.43181138797419
40.411594308069596
40.14278255789083
39.81740360681735
38.59482693876658
40.92648975506337
45.546644978334065
41.98762438836558
43.7469151258029
42.338930176741066
42.43378155862555
43.06207838774954
42.7971295482138
43.41848521206122
43.510243594356936
42.50979104263533
42.034542710905576
44.52742641428053
41.550988836129456
43.45996167551337
45.40447184526875
40.55825703168492
43.327296277135716
45.134126008788705
42.1973775779634
46.491238343221845
44.65645235947956
41.749345293999696
40.38663224607363
43.8131974693663
45.05545249850321
42.30233739530352
43.302455486441566
42.08487186542755
41.40494506733497
44.60064779803943
43.698011299992686
41.66793204041039
41.85203450084067
43.871568813238106
43.25516485757463
42.02616690434794
43.12334088681743
41.835917157866206
45.129493705753106
42.62248515310644
45.01608564939827
44.34771318157958
42.337993171721976
42.45211297960679
43.545722439667124
45.11638375410567
41.71434221243654
42.54172825581259
42.46040868061588
44.46886536721459
44.832686009737714
43.27000624995087
44.66140569342098
44.456873314755335
42.09364667300097
43.19327971413807
44.32434634934329
43.97838132397241
43.80934139098189
40.7050609242138
45.94849235721523
46.826984616486534
46.45317256312708
48.2231549097955
44.03290909518148
44.89286968059696
42.74546580787611
43.575521397714105
44.62488502629281
44.153920410100945
44.80970669682174
45.76138572971657
45.179781075179164
44.904159611837
47.15849446332346
42.214622065334986
47.45194829721659
43.013342778298174
43.86470150890395
43.906519883384455
43.39127625014149
44.33620975246275
44.81627826897628
44.096330522842955
46.75697421584478
44.76724216064975
44.000026229931024
45.04794290029166
45.01354755047199
45.023622277842435
46.03426175217577
48.402267442990876
44.6354849191025
48.69028006326691
50.064784483229175
44.39982380950818
45.54980073886115
44.71371157883598
45.139149878930205
45.32652039803709
42.97771121261157
45.263310502603375
45.399633916392744
46.509812162934296
43.370719549512074
43.11645927262302
45.36266414165695
46.89011290509755
43.881985319900714
45.008326403084745
46.01167828913395
46.56733630802017
46.52396926801059
46.97634477759562
44.6165609731545
46.14935007529976
44.774369928103695
45.6186805224612
48.26014165490666
45.2168181176273
46.953698557399825
49.37433957837108
45.834872461873026
48.494862463896176
46.063773501029175
48.39335135515415
45.986510799105666
49.78333465575657
49.98042183281511
50.95440149704509
49.41770029537554
51.507553736780665
49.4009809243151
51.04244769572332
50.2345469304966
49.242938044059144
50.728643603619915
51.05030109685916
51.21854761367153
50.02715016602714
51.90928228186412
52.311134329112384
51.81168557133455
49.71987802673104
49.80582246479557
50.478724725509856
49.564962252406715
51.29239211292567
53.163265025535836
53.34720382833093
50.443677019947145
49.399299698668074
51.416326382537385
49.71557967174104
53.79869460347553
50.62999452183177
49.76388159723792
52.41650092203368
49.98670847136309
52.67291361528376
51.26503120994882
50.73786928325099
50.82068759214991
51.022936037507826
52.363686215384114
50.511570307505686
50.50741612533333
52.03269591609926
51.86926423318911
52.27725557801418
52.23157733519068
53.04608645870805
52.12597714374116
52.23192240531452
54.54531233166451
52.63320625640382
53.57768450576336
56.52004127222499
55.3437339539162
53.089434785812
65.14990279245248
63.821293149902225
64.23579127744739
63.43695724550225
72.6150697852561
75.47895426009462
77.30283119718452
73.19913280854338
74.88845137543875
70.62467742621799
73.36518933068514
69.68624642212757
71.85715269590958
69.5714726388204
74.43265908759224
70.15779850151989
72.96458522189467
70.1389351633647
69.87086812254714
75.81730364853453
74.5393776718175
79.09119817716574
80.61635313435028
82.32208547127328
81.70245220971863
81.18631038803689
82.91253328382602
80.91438718908603
84.93591712114076
85.5185797819675
84.17166753804239
84.91435718845675
84.83121037108066
88.47640522015894
86.60537920047896
89.12358026522921
87.69190925694227
90.3091957158432
87.50658421365463
92.2967785064704
91.23155994833631
90.98213354973679
87.32267457163212
87.92520366090449
86.7365805293848
87.1874127168574
89.52499482576111
88.28941414972782
88.93259463826881
88.62490822857995
88.36377276913971
90.06496781861223
91.00110191014227
89.6393625782491
88.122682775843
92.41451791596175
89.55687537659183
86.15153526531604
89.73856071142716
89.62363504228732
90.25247177499261
91.19903104284074
91.55017157143028
89.54048216097303
93.8498850311881
91.89700934191858
89.62544560862935
90.7850203698515
91.07153652847833
93.42444121217562
95.61711100519292
97.04344348059922
97.4884702992859
99.91261732465267
100.6005468066103
100.01519167578606
101.91463046097613
100.87554153396943
98.3060794746353
101.91604556235
101.04831481968598
98.59418959308519
101.47302092469418
104.38011389407127
105.13675257971416
103.73637615383126
109.84761182553002
113.28068874403364
115.62376514681785
117.66199210601725
117.83586793574182
119.08678770570047
117.9902143836803
121.90020274255946
