>0
13.89943661222515
12.23364956118792
13.898447326056782
12.932214369336
12.906708318194031
12.417584453134493
13.19527179003721
15.061766882199258
13.346707991847934
13.202128526994112
12.688926701683421
12.844055641810662
14.284106339417823
13.057552904010874
14.362670171114564
12.017973345998481
12.485851678219534
12.689405249544153
12.771517725346964
12.826521400515757
13.788208206927932
13.576131674087458
12.742471536696158
13.457900503003597
12.816461019475893
13.396411582666213
13.358210325209118
13.378167827248472
12.959670766519979
13.253177732895727
13.530710813791496
13.694177297640962
13.207260534273821
13.223911876669565
13.253564102993794
12.771935921129833
12.254859257503806
13.291951399019027
13.117848023682543
12.27053031674584
13.045539666096882
13.446302714003874
15.892416678821007
12.86353102192586
12.842039264748468
12.798321479611959
12.585904945996804
12.719280970721435
12.968545356255266
13.533317883422852
13.123898021114515
13.648871255890253
13.21396006300691
13.148841308857692
13.178753555331898
12.168548667881543
13.362411832860534
12.446220366151044
13.777218375015774
12.41316025402313
12.44010752283599
12.173066613296436
12.128078099106279
12.807592475568178
13.607874742991479
13.201859292172927
12.417822230740095
12.729577572969955
12.019437777652449
12.423301994617411
12.640158350027287
12.910349724792056
12.5151428241286
12.49536768266056
13.088955521392235
11.813825945072097
13.27205658191478
13.415200868267261
12.881784949413076
12.805856198926618
13.094791665939935
11.924013569830699
12.162924004443964
12.277424567876368
12.026083355222934
13.461777259284068
12.58062806459714
12.365128522152888
12.837374673923595
11.850602418103712
13.022125109433507
13.196134736452677
12.92959120723914
12.47334712576621
13.237241944557365
12.237278776140625
13.058389098098193
12.306033823894706
12.485031502201512
12.926294662987267
12.524881642842505
12.24852794415766
12.720800261792819
12.749571874072082
12.498837657476571
12.196663709651528
12.937045951053573
12.928326930129794
12.231321819900637
12.579896796482256
12.158801224907583
13.210342216121912
13.190824853331026
12.743552110986348
12.402279680399019
12.888933586346804
12.500234305577797
13.041072273619193
12.824283798026999
12.629535797606751
13.188280387750863
12.314945471041597
12.650091838910946
12.410380127189718
13.380627082850374
12.192477335946208
12.80540467610732
13.830547148563623
12.877769869847407
12.308928980289839
12.374174498895327
12.039339031612272
13.359927244974081
13.04490920395212
12.400971022697808
12.01009593442674
12.111504057387666
12.284955074230503
12.926539583053003
13.32832414224433
12.845977250868842
12.816433265745225
13.059948123723835
12.583873024563212
12.486131134549517
13.216616914134251
12.920536625743582
12.840030963609168
12.249503410001328
13.692254419382042
12.791479317178721
13.245598230005495
12.01307377526078
12.856602351343147
12.306998791165132
12.140537757046008
12.701352704402884
13.50023142433813
12.686962431745135
12.731820268486889
12.563156087155532
12.080170036520915
11.938602618645305
12.01292197779068
12.721245945473145
12.507521613966837
12.39028836021214
12.146143394940635
13.22696064078751
12.563236897552931
12.627614357694853
12.06190058011175
12.5138558845385
12.213872380242323
12.607610449740916
12.69939667540135
11.97143461231623
13.20813446088908
12.43688492751327
13.869879293366933
13.93227684521727
14.076565765357879
14.520900412925979
12.979089568118019
13.75724860859389
15.005174696881815
13.584402508258707
14.854003108180592
12.3063762059415
13.500456166475912
12.734273371070408
12.635755144226158
12.152061343826903
12.606455403387725
13.078148443220527
12.804553763157966
14.181168794537953
13.662856979524953
13.566963573320992
11.77226168316485
12.193895965145805
14.492788093144563
14.514595009460493
14.365012979291341
13.257573516800464
13.431970206780916
12.380051637362941
13.900921706180794
13.979695781737538
13.507109053521072
12.296977875408462
11.971073593402245
12.75981795761825
12.739491460701862
12.587613130030874
13.122934115697428
12.445660926257972
12.770151450180284
13.320494008620617
12.477529253686205
12.159053359368464
12.8045666380748
12.534841424586475
12.410557914886041
12.783343694575755
13.057481972470583
12.473070470988478
12.430585101648862
13.061795128860886
12.529389279498346
12.319322614254029
12.98394326317498
12.508997488966322
12.539556507784702
12.36382114159144
12.692466763829062
12.453648026822442
12.919333419985266
12.858385604700972
12.255946727027565
12.286593615710537
12.104552681345162
12.589783606480664
12.647781253977382
13.226605403563783
13.882632007033251
13.28373637398096
12.47457661581614
12.584291264690332
12.952776695011314
12.310610538936825
12.405689555642153
12.754498276318316
12.698764738936333
12.577607492827003
12.21913942440848
12.76833950445675
11.799983327031919
12.506854413634102
12.820419772696
12.669628211855619
12.781391877845058
13.291822539050923
12.890497926249456
11.864608288632418
13.063330354069608
12.453968590237382
13.607904144747508
12.277749079065075
11.700093256843132
11.868011627517166
12.909684227114823
12.02522760147447
12.62138260686858
12.516414860418559
13.2429430578443
11.421194191979861
12.124899796021337
13.237150872515487
12.138623194255914
12.055259274109616
12.359778283293814
12.595290507208743
12.311666493413005
12.762579098655499
13.630949247556774
12.62476009110506
11.916209257710403
12.217814818339518
12.814224596284602
12.1062282549311
11.818617526627733
12.830152733589626
13.421581465143218
12.43154813376535
12.802253462255598
13.24175444281242
12.770844504971569
12.7732511905524
12.214788673225048
12.411197388815289
12.059259674199282
13.124018873680878
12.774811274049014
12.105217883459385
11.876923907307553
12.459484969931697
12.678275944541884
12.073842665974217
12.711800488866462
12.483649640160335
12.915367068747932
12.121467942098626
13.36661758938981
12.36352995574294
12.979064531423132
11.761469662438325
12.451583420566475
12.912883019221448
12.75952612593622
13.433300087692004
12.993206446385022
12.100570762002969
12.552820938571902
13.29105790455338
12.619077407692329
12.89497659380091
12.841148198148671
12.367279465353528
12.486457665497959
11.960676506051561
12.81466457130789
11.83361095384557
13.483535566288268
13.154589074632462
12.82790643878149
12.730182636167083
12.743046114904814
12.837638564039157
13.532272032484299
12.309735617840088
13.56889066790646
12.438527305153995
12.34767566120441
12.719089129231678
11.901952188931961
12.975208894432985
13.4924083553156
12.61854239210527
12.760095755645949
14.10862588981913
12.785399238173794
12.17226544183478
12.379719454361034
12.440975991200906
12.395230456071959
12.625644880713931
12.539937466326077
12.945172469415493
12.177841824599568
12.285389558498396
12.180540698926272
12.866274161547803
12.577393314706274
12.764122565293638
13.079703034660694
12.655611874611116
12.475786565966008
12.287871350867476
12.699564659351253
12.519103693478733
12.526095390016824
11.739925111677167
12.006333417031865
12.681076445955771
12.61278605444541
12.613755803494897
11.926050413708552
12.112413105362895
12.295936125698713
11.736392408875973
13.065303714634458
11.993727185913523
13.124313062449907
12.200278937079618
12.578843005779937
11.944489100239393
12.76575288551333
13.180992047190118
12.918329727724807
12.414496928276012
12.604092182151511
11.790683144880266
12.520295212219754
12.035693606184129
12.36489752785768
12.28399787212914
13.051321095959393
12.590653910621683
13.440097697757173
13.068526265532043
12.779106132664372
12.567428681522241
12.719815215736682
13.022697001244161
11.902787268391622
12.895536559983338
12.303229057303424
12.572486005083654
12.633184570491109
11.689176153083917
11.8889706475762
12.883678993186457
11.655754065079782
12.439967507595096
12.102500497340289
12.331408475644713
13.102129996010422
12.650414352181656
11.760777151804136
12.721136872377448
12.036104150956678
13.601530692502662
12.54600548427623
13.492755198504481
13.254996861541287
12.763346992327625
12.860974097040183
12.817480615343218
12.536296231029052
12.636068237725304
12.01537975069658
12.567223409341754
12.295177972078271
12.954563074411674
11.967641864353485
12.798792478332182
12.456104698899226
12.11292825951704
11.972625822439156
12.609744661611469
12.033161168770441
11.900031370019281
12.604464515831276
12.281819579124665
12.050545199689921
12.526490810259562
12.161881620276372
12.079953526943232
13.277571153630177
12.34957891716665
12.457895617346093
12.390826110305616
12.0030948924982
12.646570914923387
12.647505903806355
11.911513607710448
12.650429144362107
12.316529861418777
12.718927728906406
12.50181280006499
12.324178765689657
12.296580516725571
13.398886846177017
12.538094722497737
12.285309963916639
12.469719961915427
12.755133995661762
12.888240495289848
12.353649126454691
12.157880357074268
12.564661937981962
11.912281103132536
12.201006622438014
12.865248897666651
12.72884100286755
12.607953548232189
13.648173519885674
12.344326449934035
12.108912033663437
12.262444402775989
11.902209662526056
13.197655863897294
12.593227827999154
11.839935099390365
12.13059609533743
12.681285212822996
12.654541889276189
12.312288283273189
12.848240725338668
13.026522238093255
12.497539027469251
12.463175846310799
12.015684762711247
12.538423333955954
12.267499612691163
12.040274104733276
12.740511341700769
13.009321196218238
13.076181148575056
12.245106857563432
12.8351277087152
12.702719559846521
13.189766822571496
12.141501797890312
12.544584599854465
12.427742803599857
12.3886791494404
13.155852985622724
12.526789657510639
12.376956674647722
12.182545162928598
12.16194504055449
14.054416224985506
12.363219199101367
12.488565283234962
12.361241816513296
12.433275655876937
12.411903628201681
13.522510863337542
12.428207763366727
12.048235279060556
12.472287184746834
11.984710296698555
13.026268423572306
12.676709862609
12.682632774796796
12.854013677193272
13.339960869357325
13.622641307684473
12.323067644783059
13.881455351994223
12.40952760847027
12.738574857524316
12.398596553687844
12.306820899970353
12.601585472776316
12.273334693385161
12.35578342066965
12.19867186640508
12.753056844528373
13.881161949110906
12.5596946312019
13.207377105990322
13.614046464964323
12.939349158595169
12.32132885642201
13.065749240588797
12.216915695530611
12.519507695770493
12.974836649779755
12.41353034857305
13.023341409780834
13.563652430818829
12.88984951945876
13.45966376805184
13.004796288566926
12.709246482859255
12.60539700717678
12.69424547630514
12.150048644030736
12.08532318618191
12.779912377972419
12.400258987339129
12.985106308587211
12.264853146077087
12.788227434299776
12.47352828587865
12.523089105283708
12.18879744185153
12.841369841283235
12.168261062299262
12.966725542822761
12.113287144686643
13.024194976826559
13.070767353556763
12.033335071659078
13.255690510651595
13.757180949805855
12.690051536229584
12.255410238426423
12.446773983615959
13.01563929356202
12.713930847315952
12.55257378422825
11.94860184345177
12.84769750471543
12.33520748842759
12.657479163574289
12.763282011727526
12.864459774107804
12.260032214365344
12.808791739578298
12.11308161440908
12.337665633512204
11.973238730387825
12.349539066373154
12.55813953352662
12.090224177187855
12.58175579109293
12.679120799294642
12.792254712876478
12.45811260429047
12.623491127173384
12.259349743596959
13.12445517315893
12.744484285924123
13.016564367264449
12.832404687001494
12.096990826166339
12.59156572678915
12.828607645979194
12.574319029815792
12.35117893032555
12.997356504386689
12.290415883336102
12.370381324279311
12.770351804991913
11.710170729719298
12.140624964893172
12.441895041204798
13.198719492633314
12.61137216222724
12.204685069635218
12.851191426272056
12.914456585412639
13.038932811196014
12.345593652710686
11.514025901817067
12.540874175559434
12.471142366403436
12.28086659714109
12.96830387428028
13.041489764469757
13.004809914715565
12.727692677963729
12.726107244943092
12.270799869720731
13.403427492213474
12.95985037683435
12.487614485994934
12.472768143254365
13.11896385297932
12.469862376805107
12.758229336090222
13.143429101314702
12.07862368951753
12.880554153251325
12.804355858553036
12.676046891784143
12.286930108813912
12.018360218614063
12.19991050352357
12.26196329348181
12.41895280139901
12.044203846532561
12.773192415480993
12.524634948679132
12.55616511376202
12.66902057789225
12.206352616031033
12.16536589906632
12.240891172080262
12.603967850781538
13.646070883912335
12.185462727832066
12.315410965012898
12.473841242844765
12.754912946280314
12.798764787938135
12.458473990535191
12.82058643979754
12.902827820022999
12.765912079298175
11.86568929765475
12.229598786496238
12.516637092141162
12.07148265180413
13.377357756408205
12.871736045611868
11.99194246127081
13.180689066028856
13.12496204884607
13.100627745608554
13.220143161833183
12.401080355493875
13.025248269862793
13.203734014338943
13.746365368705323
12.595144641441836
13.497014046329134
12.366463581151026
12.77782188714387
12.087111967065814
13.197119000101068
12.698566981726165
12.29804798266452
13.82855539669056
13.335959203727112
12.55607754073014
12.914780011563975
13.013235824807078
12.68315876842734
12.98708282885374
13.329398788675414
13.051678052862549
12.513421178679977
13.3866467749205
13.70178986258805
12.743464387697935
12.587236537020127
12.37474108368123
13.095072940309445
12.577840259567836
13.44946349389154
12.74786145520554
13.256766363222761
12.89704581667105
12.016263855260238
12.674226416554312
12.316336025089672
12.219097625059304
13.497157035070138
12.804161759648714
13.428210772707786
12.192283406496697
13.133757102159263
13.002318303794782
12.595599547520568
12.706826280760994
13.036097810307508
12.94243826498133
11.773144704248086
12.071264739677725
12.377682890963056
12.507041825366823
12.41552953558717
12.378060202394565
12.44659114811665
12.857033257992962
13.520520828642141
12.388740253106546
12.787855707279688
12.05799339573142
12.348824629528098
13.04396820747059
12.870407296606128
12.39469593585484
12.925554270010823
11.878078832165686
13.623690927493067
12.491002893968984
12.049175208561387
12.38039264702194
12.641099070952158
12.74938318484002
12.238610076816846
12.566286533114566
12.203978112186805
12.432820184700343
12.166641719084131
12.26249455649777
12.162746399808103
12.925167661805272
12.801744433572544
13.116229480388581
12.721155374694469
12.683756577886363
12.64012718398849
12.63713867826772
12.078862497219346
12.402237329406933
11.98615666525991
13.364424904453829
12.33026138418115
13.030500873870766
12.393461469124729
11.819721060564463
12.275074571546886
12.9953820759833
12.638379615320034
12.982155542675315
12.166502516474056
13.58676976748908
12.728284246444526
12.706996147968534
12.973760204089071
11.966353737340592
12.829024027855674
12.138577079195992
11.875583554081334
12.885801732752942
12.298370791549404
11.938319542526218
11.72057815358776
13.099387814345814
12.757383634038897
12.502769185187605
12.131512273550042
12.135167380849882
12.322662351722263
12.557368895478218
12.307570242191751
12.660656192119667
13.135596923610244
12.980876697968709
12.06622021454193
11.713637973352686
12.994383927188423
12.866017608469631
12.666385082368594
12.35645189382184
12.774070093520528
12.987709945881871
12.67986270081617
12.776012524231161
12.828240084378072
11.872689445677606
12.795461887209205
12.462226286365755
13.221144217239884
13.29632694195814
13.426077021695779
12.275253055764276
12.345648880586602
12.417301161818164
12.40637033505285
11.681236242071506
13.555282810773171
13.024702543159268
12.707293752412534
11.984469667348462
12.293520889619918
12.011331371542305
13.067217834151181
11.930746802628862
12.357354956861688
13.1620910899738
12.013379347693194
12.661584519834868
12.98430975965157
12.755572553817391
12.575456958371378
12.85157779353041
12.548209909610804
11.65482193972471
12.841609275145737
12.12056103701873
12.689319978355156
13.516159929204152
12.008501953926467
12.364036849477632
12.768375062498274
12.497997298225481
12.270965206962575
12.099244285428028
12.575239142887977
12.777091085430701
12.189198490585982
12.682809077956144
12.708865941559756
12.593236544227237
12.731309550733506
13.668425621184355
12.552797683420648
12.646364870962127
12.109184355185214
12.586681451850732
13.04599384104864
12.462257179906889
12.223193161458047
13.12168929815975
12.809106840912998
13.060063230283484
12.534244177052193
13.66643335414937
12.671303927741222
11.841707958747792
12.484064705659538
12.935818276560292
11.991548936526291
12.894844404059805
12.324973344935557
12.813652252778036
12.570694681406351
12.661086150195421
12.187323901735995
12.492201896187536
12.43309737178233
13.029503487587453
12.431598771243577
12.418748592826969
11.55697869227762
12.185199008208123
12.978858784983096
12.46525871079634
12.692944498325732
12.957681632054523
13.08920475380463
12.556629829728086
>1
12.401306035939873
11.36602772671951
12.547958818838968
12.876810514889305
12.320595993123943
12.398091098155431
12.59507826173224
12.583485970648985
13.222115928978841
12.44565188240996
12.558360572782806
13.510264600708425
12.75172791503644
12.376701234346625
12.377313482109834
12.510239230986475
12.0514751803624
12.552738064701224
13.583312892359153
11.913224529012837
12.632884299954352
13.203063127887459
13.967786886349842
13.41836491158301
13.11555807519487
12.805025077952067
13.023201115621301
12.802163107690708
13.421302347530672
13.312961592411607
13.833040704313586
13.129696772461347
11.872689251418006
12.174185272773753
12.723705228074218
12.152231006210537
12.308993646585106
11.923102154139674
12.49030069826263
12.237216623070681
12.63373033453397
12.0957278601416
11.603309237434193
11.764320120534675
12.793819617263575
11.909802654410198
12.3400683952536
12.604730038938946
12.414191880442917
11.758945256242862
12.42146455891781
12.3994180622198
12.411525281661207
13.058410220836219
12.091009381654212
12.247342513773162
12.004318144304898
11.936122901556537
11.636506895001864
11.661844286634015
12.647439123509434
12.197342665135377
11.85310568042913
12.75677940945285
11.95514526028488
11.943177739446293
12.34136721610169
12.960900058616259
11.94696799453247
12.543323074520872
12.538641489217374
12.70548662011009
12.546958068301072
11.625423072272694
12.734613766106918
12.051802498131076
12.636569304831221
12.645861320112093
12.639521119096722
12.509459272355068
12.59680915444433
12.353906736746511
12.337602520618898
12.074620471232809
12.693733796255154
11.817361797863082
11.735928165556702
12.258929928410426
12.68615484524354
12.570118044969757
12.473526878475424
12.066427934596149
11.63706900146401
12.153336348589658
12.508616922573061
12.432385034045291
12.610371642961336
12.35148545859086
12.680045701883282
12.809185103270448
12.618662040945951
12.390874237851783
12.059819484182283
11.905719161669706
11.67740635466083
12.062676022192415
12.061095542544393
12.017596656536684
12.3822785733172
12.003224473342904
12.426452016936253
11.971668586853651
12.14002519587819
13.106833301960295
12.034347753360624
11.959592446675323
12.588406252829243
12.573464723869241
12.280614268997038
11.813532730004065
12.857506001499388
13.196218651409405
12.673578579564392
12.699967611761775
12.074024997629618
12.203121691676788
12.521869085297288
12.32606313134127
12.076644164881271
12.465098399314467
12.152246287223523
12.213561684563901
12.069599450240672
12.607566693523482
12.378710174952158
12.505449587085339
12.930441150783492
12.536898187587951
11.520766727583721
11.92786797230055
12.619492787840507
12.05435007361992
12.626935983746622
12.398751538488924
13.342590753213935
12.489114681156979
13.353485834997988
12.798568610031667
13.887290966303082
11.866099473295858
12.091038849695755
12.818643080981996
12.431705061686477
12.04534406554702
12.580826165052189
12.694360818005558
11.858925920538246
12.91961480656867
12.650094583204291
12.518340522040125
14.23548876698563
12.07239527335468
11.429895160147655
11.904406447851134
12.530224339080103
12.511106694598382
12.172053671451604
12.322554660220936
13.18756036375911
12.432375854956053
12.224306099531068
11.338842944529354
12.18137964969766
11.96765541721581
12.275239426778827
11.99147168415906
12.533418461254934
12.730450856747776
12.631765518778835
12.23903606081759
12.44977745582379
12.372189362797638
12.697029372917278
12.34529252207834
12.484709495304099
12.115170677871127
13.349806185160242
12.294381324167542
12.49679517073542
12.095963127666268
12.198993970671358
12.82358814788125
12.56759495570136
12.403470255366928
12.339014906575953
12.587497464956744
11.484344536404038
12.271066520960483
11.734593240848955
12.83646086946405
12.26062726907901
11.935442338032589
11.690744701469065
12.326707660369594
12.433341066921525
12.49720132173408
12.835004637330709
12.724966753370571
12.198368794701388
12.42184216529794
11.680366901518672
12.095604426788478
12.590443178064616
12.578258574735397
12.62800962553077
11.505595557463277
12.701559044594896
12.154707697995075
12.966050601463659
12.228797612379644
13.016920353998207
11.995463352850653
11.916968607393903
12.286364815516249
12.356281415907686
12.064482178473634
12.235058102105125
12.754622371777472
12.000001491288996
12.535733942283276
12.508140084581383
13.18993080978324
12.614936396465128
12.347876029050457
13.142111496711564
12.472393250356244
12.431605426419223
12.7813860713677
12.236228845647961
12.857650174555362
12.769251665403786
12.257194609191963
13.048152102316486
12.94882296499016
12.342774904723365
12.468382426254298
12.007833860419856
12.632630765763196
12.452559046832874
12.899603755634754
12.272330914100856
12.50994500584167
12.599706544277696
12.041844439449497
11.975360962219197
11.895697797156206
12.29983973496673
12.533527756340346
12.474901896059148
12.126567325890415
12.296635633276235
12.733531559619875
12.472343839251842
12.354871612540066
11.83989972573683
11.986460147935173
12.12522306374759
12.343136373738213
12.229788206719313
12.536630898475055
11.983190793916174
8.577037236394357
8.651223072484886
8.325359787462135
8.924226328025144
9.017766244908373
8.349828607482856
7.577822787844288
11.987007117976331
7.335877676186832
7.764042605862166
8.074542720760693
8.853940530038644
7.507029693967468
7.765750621674321
7.55423955225649
7.514292864821814
8.468331222213621
8.448895946525932
12.547018535110402
12.59061189928423
12.615120632829893
12.679911280775972
12.912571906154273
12.479248970657444
12.44968626656206
12.343988492763213
12.857002453435273
12.696568251056137
12.028023247449166
12.338881314864324
12.533380031982375
12.08283163111819
13.092062655658657
12.98709557042827
12.427102658037452
12.616155846369805
12.922670695552672
12.704439863546137
12.063382343828998
11.968854972233222
12.388466136933593
12.243786625729081
12.21686630320365
12.0112344107264
12.94329960594981
12.691876509946377
12.484482980486776
11.970079170463116
12.311144555757105
12.996981202343438
12.414419200730972
11.843272064769359
12.87064321494192
12.5616681430453
12.008671368620668
12.335200737507504
12.340529695552236
12.336285749811536
12.003463595336369
12.556333905704191
12.792524220926706
12.844995112473287
12.420892386174621
13.024734860101418
12.259119367421343
12.69385231874489
12.3944454009325
12.557394297589559
13.076724497817972
12.674977384764809
12.909702991187396
12.023600480866966
12.110323838533986
12.751369134432842
12.428025415758587
12.851438102997523
13.964198592706824
12.60019882069328
12.806749786928915
12.798074234399582
12.624335415383428
12.386575899524797
12.467936211283648
12.410345545233964
12.392141009119776
12.828111659102696
12.26649332799464
13.000535759589969
12.542231884297468
12.47539334358892
12.968386091079987
12.193520050513905
12.53880684515769
13.286509318801203
12.67834293865192
12.095128928903168
12.33899979719591
12.808684629430038
13.12792763646455
11.607805427449858
12.59933662886558
11.915273780254402
12.981066952351581
12.213621416171735
13.19121420082493
12.414873843735126
12.528220820238351
12.644962200019897
12.908711363031507
12.065654615121927
12.074414183875032
12.429363936713258
11.829012367488447
12.697634921425204
12.470811334661558
12.399441204923875
12.164328789929826
11.796765086498032
12.746111228166493
13.351004832275027
11.967672843315391
12.631242520331648
12.690747383654378
13.068614099536836
12.226206044764313
12.360796324812185
11.979820088088278
12.616821527523115
12.60231283480693
12.600417554635431
12.368218449784793
12.34494500486881
12.675551071761044
12.249173725012241
13.04911625583035
11.917986770213927
12.538131664138671
12.578151865415842
12.259483544057495
12.015478819453197
12.918351598702719
11.880520297206521
13.038708051437473
12.44125865131339
12.156478793234504
12.4286433665545
12.410299503231577
12.294804889750852
13.477715193498947
12.11542224945446
13.740775545913925
12.544356053951676
12.625217786350179
12.620903241972776
12.461013400911996
12.737120488364079
12.958894234217968
12.291340081224906
13.055966777360835
12.756627242275039
12.025499917714402
12.016122900876516
12.25239704791605
12.737771859989286
12.942426872444145
12.131031856139153
13.151099258500642
12.743647564632202
12.988730117229826
12.471570296764877
12.083708052388811
12.125766287492208
12.189467734138457
12.082916075154866
13.144341264587382
13.646286597217095
13.513880670179663
12.289018697845677
12.188678193739594
13.236579327748677
12.803340987888307
11.747452904863104
12.253624571088423
12.63277034277542
12.63615188094644
12.423912582954669
12.546024371267857
12.378515401550745
12.514138123920679
12.019715084627162
12.358082872140281
12.42521679520637
12.732162336053756
12.756810215069532
12.34099259261736
12.269605960126801
12.436381252627386
12.725443010255406
11.965391121915562
12.625708314409106
12.287277262991642
12.640714065637294
12.262843337097143
13.202125892464169
12.668193379938915
13.153440782466928
12.734093390702157
12.67642597757395
12.567086126722867
13.289701928233976
12.71646546094003
12.940673822385266
12.428530858674703
12.141947537644727
12.474660800836324
12.81773084393362
12.655589278280363
13.03402898359532
12.434467460307447
12.288472567483115
11.906589077525073
13.293557414211454
14.080039143334513
12.456114068896795
13.092256761461002
12.211136432214282
12.959012241193184
12.442905055634819
12.57417564680867
12.064068425072799
12.58929219227151
12.170080232305876
12.467479909025212
12.672942629954594
12.472030767815383
12.410147894925068
12.52562127488631
12.639260488019051
12.42296750853579
12.207432741643398
12.176067380201703
12.058011002080404
12.883597197736556
12.507499148158207
12.277754455740741
12.858188266946375
12.655840717720439
12.698406518233943
11.823737558555464
13.032763163117423
12.839446128189904
12.44659814211152
13.139287672324876
12.63684368745044
12.27226919893286
12.757718859446257
12.761241046984042
12.436250514423923
12.03007253639988
12.134360157173207
11.869680562556553
11.949390727775393
13.265569641169549
13.064794942261566
12.548198514646083
12.124904662641129
12.222946706243203
12.82706729915228
12.845184301595806
11.893730117956526
12.18937644926945
12.445714556001661
12.410939528820546
12.117351499424336
12.4377468134978
13.06099601455327
12.415025219927891
12.686483796800085
11.977092546249812
12.513600322858085
13.16295449031681
12.54343125294848
12.58562066431158
13.072336042003357
11.540603401460123
12.43069255988715
12.593355831552982
12.150136874246012
12.473578172578875
11.590580026529201
12.791835196688819
12.887632222920272
12.052573426609984
12.432739598348192
12.091880781442386
12.646318759125132
12.207758475356144
12.55120201955773
12.591934459411814
12.578085670955295
12.75474302354373
12.84161282373729
12.091113126464109
13.110677644790036
11.952243454407926
12.48750111523231
12.232722543759435
12.850775382278973
13.035026495939977
12.70368734800228
12.179503037622785
12.338248687725407
12.80146582134724
12.686906035951958
12.550807982229975
13.20033823061973
12.223473328432938
12.169200186342712
12.214513142912555
12.340125857602734
12.383989031473815
12.366872692671375
11.860472106289677
12.322218849098567
12.567293773425146
12.882425756719185
12.385814887171684
12.797669570493442
12.776749477958846
12.119672376170604
12.62303476006805
12.648997126797164
12.242856085884178
12.038559913016714
12.689421030593943
12.761452640547883
12.534796479683267
12.056951373778592
11.824708775316973
12.424389281492395
12.592334853622322
12.603980356141347
12.552280244533401
12.655663424888429
12.546547370256652
12.185110180731707
12.501996157284161
12.773281992929155
12.913158603067146
12.175487503212349
12.412400258868422
12.37971974582271
13.118724038509292
12.383843339700023
12.406731455184746
13.105193082460293
12.29148721006311
12.96883697139126
12.66756842145022
12.87593612257362
12.471430678136302
12.201433826660399
12.293402552743299
13.16078247958569
12.058473342308519
12.266143320065236
12.998127662344254
12.445787305671004
11.997916858116493
12.730209484818541
12.220427766272872
12.613555454363444
12.50344274986537
12.813813671830301
12.070745036619623
11.961929718267038
12.301330167229413
12.992754311895368
12.905549845589205
12.262992724696707
12.53566360538367
12.411867585210084
11.886656180513981
11.783434626448894
12.530928873100363
12.656651778477174
12.2279348912561
12.341590840978556
12.417789502775776
12.960875752389
11.597397948422612
13.639574850709938
12.641220389348792
12.989467903099094
12.518650395773522
12.729681646501623
12.180728558752707
13.182595783119142
12.03704596362915
12.543079798067188
12.103892916639188
12.34022663795923
12.92442526603762
12.641029446406478
12.385296569360392
12.175932108430091
12.584349499723217
12.435306812462539
12.378026752277382
12.336965438677533
12.481477334508806
12.651264598395242
12.564398694106236
11.88262443459271
12.749045204477587
12.456263788829194
12.481199167087942
12.237059870012548
12.138988801032825
12.67850535461906
12.445488482382128
12.272246791747783
12.301180782827874
12.162696047241477
12.133008977401671
12.38885683363054
12.315426880865097
13.161221439086862
12.149002898131027
12.497390853530977
13.229922063886328
12.522769183634802
12.259503387605127
11.763163583564014
12.92292124914445
12.772097128558693
12.059192884164219
12.635927685648003
12.32095571061978
11.882589932239828
12.635162480958368
12.821379604406564
12.483402135328223
12.431586764842269
13.107094032123497
12.444906408894582
12.38857078375482
13.01697960812442
13.192887604968023
12.199243597814222
12.627459840040107
11.918335637217705
12.46987287077773
12.198684681776182
12.453144776237997
12.431640567750257
12.416826034354282
12.930744826767562
12.202120579598889
12.292291461952303
12.39888150505127
12.404365790706535
13.28874908337485
13.157331290043912
12.227707265133198
11.962098712639955
12.542690742037157
12.567782221715248
12.550895485238005
12.235867508736664
12.351534715634827
12.424410357331917
12.885207938755345
12.60059936948421
11.393271621396213
12.411727822324167
12.614084147662057
12.61122839636633
12.170648779626402
12.149137985208323
12.404188917370417
12.307006565442096
12.871967171095708
12.407272854532142
12.730723981333247
12.968938482255625
12.496514763705614
12.963083497794655
12.534758790532505
12.744039811312433
12.379835739966186
12.55585021797638
12.366554622750613
12.37652091937047
12.78650168882009
12.144299555892118
12.362838073407993
12.516007274452747
12.387602245255835
11.952244235259137
12.28007543548414
12.045096900890458
12.536758318800295
12.002982237128379
12.391983206199463
12.591137417586182
12.507781289215174
11.875016554962782
13.205022460234925
12.588166066229324
12.999788680532982
12.562248499174315
12.494171304333197
12.88207459229456
12.574308836016337
12.393870165812517
12.721436583059711
13.138015084554155
12.240194486870289
12.15570314453969
13.106361938083444
12.7380060218068
12.424060880573446
12.855305739356199
11.945876953030249
12.336439056815143
12.855305258961021
12.312396211543605
11.924124181721142
13.07801438021606
12.808915413000895
12.64438585988628
12.14871850567114
11.82355282169692
12.47613939676664
12.663163889719238
12.377811555774471
12.674664494107274
12.499301890747843
12.289704890509185
12.87359573123104
12.859137443430525
12.705940954118445
12.633712342366405
12.57851752034917
12.533910557295647
12.658970221125465
12.61025540318547
12.514819181866605
12.157690059869713
12.413546264864427
12.165135902034146
12.450019729473928
12.17242035826111
12.834721503782013
12.559019820910947
12.502591354854305
12.647111232596998
12.930592665412956
12.075986817976482
13.196299607696327
12.29462813078063
12.498284915946682
12.364876509670552
12.417583411273384
12.338102417089168
12.276561584832143
12.445494775457206
11.899062631086755
13.150702734527869
12.327702712660914
12.43235634928679
12.65249210370549
11.857152850364493
12.385672235711287
13.038554507506909
12.702325215018865
12.979669594885856
12.919592121269275
12.413433317285765
13.017644662729916
12.800755324992858
12.514896681601224
12.278381643889386
11.912969282566872
12.484024767054708
12.827501921441437
11.928743351209867
12.366494526054485
12.692825229350964
12.530043689137498
12.323930593631758
12.762187224483581
12.264081282025384
12.980772475357554
12.862596056317946
12.786229343588552
12.795799117987336
12.539946871016866
12.41110738416147
12.116854639005846
12.647745119403703
12.388783042679618
12.87041515388152
12.543020283434222
12.876923731352305
12.816704456547201
13.02482676336342
12.35143885955853
12.929281318030565
13.376533559580729
12.740944558747152
12.67880064544951
12.229511168267138
12.05247517736635
11.966249675945663
13.192745298735305
12.25918201309694
11.936058867266203
12.381611593006262
12.478556772353162
13.202059140718141
12.798682384747258
13.686779647420064
12.455649195759007
11.99338314260324
12.77756276497403
12.670557198569812
12.461874305982986
>2
12.609704639624894
12.643133583349927
13.448060927545459
13.214511674850476
12.52703388914514
13.275119040968466
11.86730237017385
13.035013902321689
13.15417270845663
13.36807339255286
12.449528586073987
14.181997746740986
13.082000243976779
13.094194771639971
12.503494310564674
12.662891123169505
13.627790676607056
13.75748417433141
13.780521888358663
13.139677935081275
13.028870258121662
12.327216948751241
13.066415695656968
13.651843809397016
13.300689042895586
13.853470987179152
13.289123654942287
12.763049480324561
12.407687596488302
13.750553021900913
12.65309245716295
12.508423263553416
13.014200966194615
13.142334362308166
12.675645446961427
13.503195812024158
12.887018905282236
12.895562772105169
13.462321247331879
13.736591692415482
14.022328594097752
13.040713839745784
12.996581139607198
12.780422345404029
13.524398479414653
12.82992898572095
12.484203389630443
12.38813407648966
12.758072816765376
13.796332986370276
12.503253155229185
12.831033769444977
13.335048315239286
12.559565068374626
13.320005588569751
13.059005565796081
12.674257428274892
12.908416359271204
14.368491631038362
13.61347244681921
12.158887525680806
13.145239708440796
12.948275065380372
12.339793306411767
13.928081934937333
13.423988814930372
11.712629606847452
13.578287508293224
12.967633147058898
14.052458189524065
13.183031321468148
12.782105003357195
12.875453194644944
13.761799009282962
13.36512729664064
13.010291049864035
12.633512198737707
13.2387743584899
12.427311896971693
13.651193730730524
12.59833503508149
13.040204600741882
13.775828565902357
13.439151797636734
14.397345011431666
14.747618515522927
13.180878799871662
13.049572886623551
13.695382715937582
14.47141066578143
13.85957331269741
13.059568451985372
11.67565872729799
12.72661669282303
13.843213504436697
13.066152530808735
12.351300034350022
13.467069831692125
14.196218759337992
13.066782972968754
14.340565820347459
13.17539215764974
12.515433109474165
13.879249256885563
12.971601253377154
12.78395626861831
12.342237140239131
12.507226271811083
13.161793621053802
12.743583973861224
12.938682394160907
12.839433260871866
13.611319138562136
12.379739580232592
12.328722844304815
13.401506014339983
12.111205296356518
13.42889476320955
13.00358563727931
12.84847663000493
12.73180332823678
13.249838217603155
12.339313404317414
13.330694195344192
13.1274059141121
14.947157501835695
12.320385081415782
12.18013912204918
13.046348699920044
12.016470977208083
12.693475884562497
12.376972696879527
12.687642535153566
13.116383378203276
13.355226440897821
12.445178889231995
12.576384034621638
12.559396418139498
12.849419420263489
13.02014823873406
13.554810492097634
12.8214763603303
12.813507999157174
12.945955314578857
12.638828189409713
11.987587945770782
13.215509425719194
12.992393486416155
11.823697254041575
13.199363630541377
12.924091738549281
12.862572730407685
12.18787653368063
12.246941642533411
13.88737675726385
12.91268531277504
12.902487110594214
12.400325170408319
12.50903129156963
12.258445118987098
13.986906874441644
12.984753307983606
13.422020803302908
13.210699378014787
12.58174703121552
12.944388150710598
13.342733753260713
13.102558388308182
12.617123501507024
12.988903209015323
12.322643486676126
12.879967676895879
12.44785960565644
12.289114724120306
12.987525598438413
12.342391320644229
12.435609378912424
12.166278542221862
11.828396669710795
12.679006394347875
12.872205657987314
11.909738269945732
12.479083092085252
12.149646044789021
12.238851765369251
12.666762483827421
12.354557970650223
13.124575465018323
11.99799183942141
12.916624358885837
12.410710842038558
13.151051915158709
12.887987447209646
14.232454406403786
12.783267469714538
11.75708100880761
13.429294919726772
12.528204681189495
13.937996112862391
12.841666188375315
13.607121981422472
12.85003281344939
12.708955441179027
12.975282046860544
13.544784025387525
12.590658743070321
12.089308053547013
12.595852878629277
13.072807619704799
12.478304009085251
12.457671617780607
13.465758846285176
12.67271134822702
12.366684793112771
12.435726584651995
12.894189340373561
12.397933144882499
13.265947843629757
12.66252905346691
13.101512876300951
12.603210696585217
11.924447624410774
13.693380890630326
12.353914847364768
13.32853020858471
13.171720459670343
12.723394290262867
12.371234658561114
12.248684900896817
13.356779682273208
12.578351905480936
12.457634650636791
12.401717246904907
12.549822061805123
13.54501676872131
12.541755013974718
12.342980754969211
12.951805479559692
13.104893537046356
11.930744996715143
12.740229552538516
13.048129951735019
12.369106009989746
12.997583631804995
13.347891717472613
12.397739525254304
12.575450997611739
14.459645003079777
12.744283334179311
12.611749681285703
12.48533995476966
12.709230812609803
12.612906706938876
12.62855071547659
12.638705834407078
12.99981148311597
12.931636465474833
13.97699214499543
12.486553218554038
13.983766642547973
13.433825746757742
12.902129731520066
12.847390563700847
12.450239792825295
13.050906780537359
12.816487317274584
12.019297647414914
13.447942954768518
13.077105117623525
13.545187805079758
12.542086510862278
12.986225718193403
11.967307117136126
11.625736216301899
12.736637759976528
13.129418255895985
12.312428308388562
12.479350817531758
13.204701263254243
12.581447594733628
13.73225508574647
12.684420717876629
12.8901088550014
11.869740257913048
13.403546470022935
12.954127671376707
12.480160003322123
12.940181084798875
11.467840312494438
12.766995345867649
12.85543996143073
13.161640615544133
13.306780037983932
13.87087628164443
12.128784488848497
12.715414882192091
13.1835501101798
12.19927893672738
13.133613169317588
12.524269850004094
12.722376603707506
12.592640630685123
13.145453922000614
13.47858673518494
12.773694216264966
14.35982583742526
11.522224822294627
12.702075346367266
12.621077177360817
13.521941072592195
12.058486588446831
12.73308509865238
13.134837954592118
12.038141809856308
12.795341943028584
12.584250734011635
12.423490005077568
12.636506547450226
12.364563505249533
12.815476416804048
12.455415788991816
13.626937561125215
12.53501658206016
12.782523476902007
13.041578757838257
13.047936888187339
13.123186812928859
12.294641297994044
13.05704068122243
12.46935874290386
12.912088254341265
13.399653164219577
13.12204547896014
13.800599416689725
12.862356178865964
12.995241780849575
12.931946706632983
12.322614046713616
13.138499296097327
12.685477074235049
13.040287247024386
13.027516417049851
12.302965404612513
12.637233267265017
12.599235601861345
13.244690325320455
12.909890951474978
14.417254951423976
12.81551110716233
13.448282802852177
12.73316416214927
12.448817740310671
12.7699318990231
13.297229626147859
12.129535430927797
12.338165682939113
13.221115247017615
12.508069904207105
12.66239487200519
12.800963627775593
13.099121411569806
13.584417154991716
12.563026958641204
12.064377477782092
12.815176121091426
13.847687025718471
13.0224964498542
12.348115685985869
13.160811758061108
12.47378706579167
13.35101480409898
13.120175516820854
13.70863811179245
12.674221848044906
12.958228961244311
14.347451715273625
13.2727288350959
13.152766314714015
12.67472329869065
13.268611369270968
12.577038130289978
13.33656000820101
12.88367162402032
11.737005772543178
13.329461775332012
12.482127494034106
13.24375553067604
12.593161471598568
13.36608105418155
12.997328224262471
12.325502572233045
12.981618165643637
13.252491876869408
12.77012759526731
12.958216492125844
13.161292803771786
12.625377564982168
11.951420089361234
12.498796926751247
13.226956003689665
13.763602919476368
13.67687431605038
13.152321758674242
13.769813972505842
12.701401751343274
12.787255259814078
13.942950776964693
12.227221219646765
12.846664294666233
12.948627979436203
13.089047362581569
12.466624290837942
13.234893618957415
13.3329452452953
13.102266021857501
13.449458548327799
12.59062086663952
12.364888039270967
12.31486309263572
12.145123733920663
12.544900346192048
13.319036883545417
13.315182974319026
12.510275181483879
12.412356858409353
12.69382378699419
12.878338226443738
13.310945162208297
13.588869170175645
13.107959987683467
13.064325849240683
13.01597814473233
13.12118239192555
12.685258642119374
12.345282281111144
12.591808473001393
13.353931994423052
13.434439516806513
12.577432739525477
12.660029396616428
12.89553977369698
12.347066650734623
12.530366567289406
12.857379352728179
12.529137964826418
12.085348243367964
12.543294760167601
12.466932369570596
13.105857172684628
12.373749688604885
12.968753323809024
13.231424273713795
12.365387887558596
13.022381132040465
12.108134484074226
12.66872721495529
12.38495384922682
13.209551773060165
12.4173860905397
12.947205775991621
12.517253312606458
12.440914769161727
12.35208620262462
12.828331793039938
11.76233311484286
13.074319192953938
12.612375363962686
12.799150174990974
12.577679384645274
12.481752993063996
12.870836931078838
12.564258373241218
12.598265773835678
12.46354570243856
13.107401920107252
12.339828390194473
12.093225707452895
12.646546445221517
13.530844843602168
11.96871964325071
12.290591499626837
12.69033644501866
12.647688618248468
12.951007478141252
12.66000936934389
12.486804257778182
13.440013337325713
12.233204284733393
13.243050390290039
13.05785085779913
12.530340476061847
13.64364414351395
12.705483128237585
12.49947079275199
13.099554667642996
11.998093844333797
13.006797225089121
12.18869547723716
12.155750578720884
13.03980924988236
12.434013188087233
12.377573089934861
13.076833728678562
13.196000349875783
12.610198645314858
12.653080840252654
13.046151510707146
12.707543543564741
12.811753431256264
12.217331142891725
12.402487853633069
12.503914127035276
12.881359434630438
12.779477831527736
12.411638279994651
11.821301717018843
12.822520085282656
12.609877434022481
11.99141323748341
13.468552982431858
12.735770238724713
12.96789945072054
12.956123824266804
13.007196612826613
12.568920245115894
13.043032642068686
12.372861466261359
12.880035760298181
11.819032055563344
12.377299816263402
13.137163764449955
13.159870692644752
12.958456060791896
12.38094048692906
12.277312986536092
12.642466985443845
13.211664024416864
12.76101153414528
12.143658567525462
13.378907200138949
12.055655501593634
13.142230791741865
12.449949365569166
12.065727272066606
12.935831617787867
12.139355219175034
12.59827997550598
12.789426192295318
12.499496542760397
13.77979236112924
12.318504768359718
12.744240489530831
12.162694641115685
12.814139155521294
14.59176621223447
12.410492125820424
13.16147950827115
12.551386976610868
12.10077269628898
12.172512977813499
12.105076901949758
12.449279282319441
13.112869720532808
12.920205022845712
13.073653423370354
12.222162865594022
13.45784204608043
12.695667481525323
13.30407095521535
13.071350484170738
13.372098179786382
12.926774025268447
12.874453455314738
13.287381679531327
12.647987001255283
12.86133703511829
12.932111108904381
12.598667007098257
12.926868439454914
12.84710962051303
12.669113086901211
12.243472436819411
12.151219962454327
12.63588845508845
12.59056832014565
13.097052400520237
12.005503244316321
12.56804829800599
12.615368111030186
13.267322057092743
13.174970999355283
13.448169807378486
13.088835483401988
12.10446768118176
12.807484639626747
12.41312580113569
12.575195120660815
12.39412244041836
12.617929367464681
12.429092923705742
12.10727300773528
12.901644539818193
12.53896243954638
12.40701899438643
12.515073085295306
12.42540828594375
13.973011310793254
12.448931742003158
12.75519728262333
12.026593258888038
12.124156039211751
13.283059682826192
12.7716624371187
12.497819692407763
13.048363464135
11.566251209394627
12.137643037215406
12.65131453065251
12.132438214028044
12.427304483972911
13.937353280055783
12.618300686657454
12.720269591468874
12.80820938776205
13.126784992839378
12.239151189941165
13.259560748845281
12.796534658896844
12.52649139671099
13.128203722833698
12.645265809039202
12.71333916786542
12.780290462021972
12.698724165515586
12.616893889640542
12.386967068428026
12.447183638184107
11.944483708782306
12.369849487425393
12.473935331157609
12.156556651693766
12.013557596566018
13.354629266733475
12.86375141458944
12.75340360333773
12.224371403726078
12.97251893253962
12.236975000046247
12.949274525476051
12.05392716044069
12.448549148885485
12.278447127625375
12.588788995427622
14.314458114617496
11.756600894307745
13.302754860886187
13.418034554213095
12.392774009452317
12.440323814105145
12.903657719058579
12.491340269473985
12.487763161091763
13.287722383570014
12.364114465784212
12.66576064232198
12.725447305661529
12.281781399901922
12.266550397207379
12.467861797540982
13.32947827454773
13.224356923444507
13.047593989937862
12.776436573927711
12.883420716116571
13.421510596367563
12.109819432744251
12.534807954203748
13.152508390481202
13.54297483162238
12.34636435097788
12.132375645823336
13.30473599782945
12.83984417562878
13.792545560447692
12.370658596736165
12.53006864501402
13.274011996433947
12.38119617648748
12.285509810388787
13.828519100648974
12.719270816534976
12.649263266046262
12.312134384353552
12.637612461801526
12.664214937746657
12.526103228030264
12.598887018412482
13.398504895207974
13.02862278389695
12.55817060430662
12.32342582017981
12.446206394677489
13.026186595189953
13.680984122325833
13.618797138655745
13.008671611147738
12.69966825579418
13.04725522860054
12.697217518941454
12.404974766570573
12.358158884520407
12.681276561454089
11.47376027852133
12.873897134207741
12.85494540746249
12.844193058459872
12.29299232689692
12.626280485436174
12.795061319521876
13.619268967140059
12.961449033588364
12.383781408058562
12.697794373651025
12.384745491325504
12.43428104582766
13.075756230039962
12.170356041054532
12.37609179597633
11.644360747040418
13.025455809563983
12.891763516402532
13.089893343730232
12.269696085894886
12.49968414096244
12.788495574029929
12.641558002770653
12.372712071465362
13.019651493949912
12.662247586359161
>3
12.584565372088283
13.4458324288724
12.281474386425066
14.133182786105289
13.502766830651542
13.298462316641617
12.330010053868984
13.16212427511264
13.192541293843744
13.326899502336438
12.938467259348489
12.669434326806709
13.122892970360844
13.546252530799675
15.15626796792161
12.694461591946697
13.421437067974844
12.973709518389965
13.633392806172587
12.58694134965463
13.106928905957007
12.566851421874867
12.912876429840276
12.095837729640783
12.601697279230546
12.648566894183682
12.375747691550291
12.637676063947143
12.784762547646421
13.684935461485962
12.86081351751343
13.212809165410508
12.700696741171685
13.349708540500236
13.495420270245514
12.653731470386152
13.226830579579097
13.99464553243558
12.881997310095922
13.222728258452072
13.492401630461897
13.308444207784984
13.22353914360466
13.36233280773574
13.581181027325234
13.208944565551656
12.110500670479661
12.504677730600186
12.917192044930696
13.157428355502434
13.04847671017679
13.229692264600871
12.292533610464355
12.134316626202523
13.53236827236158
14.082596861639276
12.859881244774616
13.14985528416326
12.350173139170135
12.724247749118243
13.356845441896018
13.095200734164884
13.23509028057214
13.266778280981132
13.537758236326448
13.38215163733074
11.852031358076685
12.12702233439757
12.827769652578398
12.889422891540336
13.776822680541594
13.181898539459068
12.34086671707877
12.181354033316158
12.68357226319008
12.846292361414516
12.730668276990347
12.075499648926382
12.29919095157965
12.763206030840985
12.260924954892317
12.66639260364039
12.84653906883885
13.008030277915605
12.758792324960265
13.167371151919086
13.068291944254268
13.686234419266084
13.224953847246852
12.024427812002864
12.95916834240344
12.572582320462008
12.430461078090651
13.845718483675274
12.502085265419689
12.27258717345893
12.559603717811408
12.30445820845086
12.829364740060795
13.787049331081587
12.458350933126269
12.894187231199359
13.21379124446284
13.693447571879462
13.387985563601847
12.348470711642493
13.10201393746959
12.595604676099708
13.142371174946161
13.77945561415126
12.837087742659145
12.789138453136633
13.697225120616114
12.553264047049582
13.351711645578131
13.656468164711818
12.88166561652319
13.154535100867307
12.201911787554701
12.590774669772976
12.358057568438811
13.050743710183399
12.470334328800663
12.964407209422307
12.469244535764433
13.15296183796199
14.027222541281896
14.09490272123234
13.454958171542787
13.319343857620536
12.681809709309228
12.684157914578794
13.096835403733223
12.701863945538735
12.128871227063652
13.183387363256713
12.335287432010661
12.414284948982713
13.1348413334023
12.75033415250609
12.701924762275098
13.319051207916823
13.267166539717774
13.075509499458887
13.121854233540914
12.999608718013898
13.679995088204175
13.252699555165881
13.76765337300336
13.2220898569253
12.951028131725977
13.315187941227153
12.851961301097772
13.033127245299092
12.104154223894971
12.86857762090345
12.41426938939673
12.683585226369958
13.682359541673547
12.47062842790628
13.133934347461036
12.557466315748593
12.766217172818864
13.363098729555462
12.448387800513235
13.568857154815843
13.41233024294985
12.693654526227578
12.603172291378698
12.643222626922022
12.342982979523567
12.408206702855816
13.7794537133648
13.372202596441765
14.023021246595134
13.075452752328465
12.072287332125777
13.269122439731149
12.424471768785336
12.191227045178426
12.79312540207359
13.412225917561823
13.268254325856947
12.986597601070876
12.909316180842705
12.940948402274726
12.160752239036736
12.110762370716428
13.199492271357853
13.680381289200698
12.743649588068116
13.04260201867488
11.880271384509738
12.657654773219699
12.828673532621876
12.625632912395238
12.564883557908463
12.345034546042593
13.002870606448935
12.909464589496748
12.712919449706197
13.327896567398058
12.057959127500862
13.590344905237671
12.262552783385356
12.607347980732099
13.396313180268185
11.858551618414747
12.944278784208308
12.193915046906179
12.946953587091038
12.520424887662989
12.474944584441918
12.75999976505052
12.588125772563085
11.981055715414477
12.960315149519532
12.34422016214407
11.744566210692895
13.108847817869808
12.248499522108029
12.68065005544243
13.152135354320144
13.104763703842918
12.11981898648094
14.170933839618943
13.487452106815077
12.310078810288534
12.600933358336277
12.342239350471147
13.363753832434073
12.497716219537283
13.242321230833078
13.201040527697234
12.46067338705062
12.201244890405928
12.371108121101576
12.478460003217366
12.928998630953172
11.926192693796377
13.23477470724972
13.192651474308445
12.365666202450742
13.889348095008602
12.106968761168806
12.151058464844036
13.031287534263962
13.37175501043368
14.008230321553016
12.939077791569787
12.290476332819571
12.600833102743861
12.073065333092591
12.692122859501497
12.248126157216502
12.615795512422803
13.468523311001041
12.194523383042753
12.155395658221794
12.451127600412674
12.598856801831829
12.60403526434477
12.669012250257774
12.859762997951146
12.580205721209126
12.648472766338946
13.261149454535824
12.410188721491997
13.328055245744197
12.266008513903236
13.02554977012984
12.303248319660293
12.878670056833851
13.009066859543946
12.608316991914913
12.153449816790049
13.102091939681712
13.221233312452107
12.731735106355112
12.85183554318455
11.723842231556024
13.210264098813212
12.682062931252489
12.450044768850919
12.74881962934962
12.673465970097652
12.083506964420225
13.347692848852562
13.689000070270417
13.228680216704241
12.272138549232094
13.002855002464255
12.85034309343091
12.939370496994156
12.105325231438668
12.673727052319471
12.380506300443628
12.41761448464074
13.357485244075804
12.194992201030313
13.373864248451504
12.660360805478614
12.771136073178173
12.16849516577583
12.813663921969576
13.111443275281538
12.463283779832082
12.895479061265691
13.703802899283854
12.371560464198476
12.90383060022564
13.754472847697002
13.579791067338967
13.243603848560284
13.478643793324125
13.87980316075246
12.12346399371447
13.864745473538527
13.03663578460769
14.051879492394363
12.147820025320392
12.192374452531693
13.285354521517972
13.039955132131515
12.367602499513453
13.025332767659254
12.038688180606849
12.248571067267402
12.114034548577706
14.114860432178842
12.591112609088965
15.45860944679274
11.449583821089272
14.220620943369775
12.82952665581031
12.425121818593736
12.57400019246349
12.724687387575374
13.100811116144625
12.681638468262422
13.87747648263059
12.598326408696366
12.575186760019912
13.058147282847324
12.61265336773952
12.639483142295466
12.63797483848275
13.062766546610197
12.659785628261815
13.113716095284733
13.210703196865325
12.889783957379636
13.07313804175864
13.104982732840288
12.209751342025166
12.293939707764864
12.75491189652431
13.032631364271099
13.082041027452075
12.796696003425534
12.450743657971927
12.728165167441698
13.117353112576849
12.601577811398752
13.386299113343474
13.29797503696954
13.330849503842428
13.119322711646728
12.213692855288814
13.315477151651926
13.94997012457369
12.208914644173676
14.3846674850581
12.575774624183735
13.022631868065838
12.608834779092007
13.054324046758353
12.860522323335989
12.613739651597438
12.81697545363992
12.171375416859139
12.552934110991133
12.593232016653985
13.47986364832011
11.976791883070854
13.362029763533865
13.64639790539843
12.618376807969439
14.107481133773563
13.257364821382335
12.566976244620323
12.538142366258008
12.726303697091009
12.551369661102145
12.58427166345179
12.610994804106427
13.063757995158
12.047202146518405
12.308839347805938
13.010903659920936
12.237158010135541
11.91342989553071
13.279269082640154
14.366931721125383
12.536778664533848
12.58859550555002
12.697812473052307
13.054966595564393
12.052068287175333
13.594355850655527
12.508838315648632
12.487581642262585
13.585381806845263
12.087678408982837
13.037658998397843
12.191305716592845
11.885986819261595
12.62562939689725
12.68152199149199
12.31690432868994
12.444342307122536
13.280516073869578
13.422819505167274
13.256419178207057
13.353005536218154
12.907211632583996
13.3449980163796
13.320553203732663
13.20192602823368
12.434978200751646
13.302624374010163
12.285488490380537
13.363586602919643
12.230977221372028
13.029671542892224
12.558772543015895
12.8608594540354
12.18917081974704
14.38055193972684
12.893117115484465
13.07089290479359
13.435018020576134
12.357081701654467
11.964216298841697
12.02144544572063
13.802208067488536
12.215110445680772
12.881645897785454
13.631030947723891
12.54304232018058
12.963490704458346
12.6176418477009
13.246081226914203
12.95146562790141
12.720962949828358
12.409748308570336
13.544968368506808
11.928232150337179
12.329381024925985
12.68571329829094
12.2434303188982
12.987841101340134
13.091972225639964
13.369411909142407
12.530852049639611
12.703552351942523
12.135436710035506
12.313726620641418
13.183266433495566
13.142173412415813
12.618439152515416
12.648699587265309
12.542147102954926
12.526521615081244
13.390606815362956
12.6129482810312
12.451369584447331
12.12346041814542
12.662945058204444
13.250404896907366
13.681618548838248
12.085310451677513
13.227108710360282
12.286185994780263
13.134008159759949
12.191704802534597
12.125346372380408
12.65287607197444
12.888882513502027
12.598166702332765
13.00142581832621
12.677766970381429
12.374245903042025
12.870048742127583
12.5439750665011
12.497127970591466
13.086327856467626
12.052136252808728
13.221975983287162
13.18039729231769
13.84388371747865
13.298643657474416
13.393229410967276
12.926725386863653
12.860967146781054
12.423247784234379
12.039447480719966
13.144558137458917
13.50479030054591
13.424614083123725
12.494257707722308
13.08507119237266
12.570490300367396
13.099666961077741
12.831379078870455
14.109985161107142
12.735134366221164
12.515886360020955
12.882402133641362
12.966744621558501
13.393391122826474
12.16429116395319
12.238807328789274
13.613785561315838
12.59388016055564
13.544001661131894
12.568340061939065
12.343909035836722
13.34186109211459
12.786246654763794
13.864454754833567
12.828686873978764
12.59406357769092
13.484866453557956
12.360852691653792
13.213690695721146
13.091756064545738
13.07054492786602
12.521353150007265
12.344981007452272
13.340289827075948
12.931918183511605
12.896014807539256
11.840167666200317
12.999654567805779
12.280420979293545
13.008508282802524
12.288200726754566
12.444410983189583
13.530621913239907
12.078349199284585
12.789704912661877
12.73839442668217
12.541364505198546
12.80181766552283
13.137363092991714
12.401975721132569
13.121921984358341
13.451041324157089
12.243222836555917
12.668760121096717
12.746113154943313
13.187388075774859
13.823822482480619
12.312578430705388
13.576474021008092
12.585698648438397
13.136471612406012
13.117165764208575
13.093120770120624
12.930751738140351
12.41333401140192
12.729401164487781
13.40195221179898
12.532753735680844
12.453326582410076
12.097158595726675
12.708536086396926
13.325628602461334
13.134000911877672
13.150334035776838
12.371251279215935
12.57725517992786
13.059303742842982
12.753418638272787
12.913735451630231
13.274171004414468
12.630374764786719
12.185547570550881
12.414403120313803
13.117620003505465
12.614096252455694
13.290415047575813
12.395152628592667
14.35245128610388
13.111389959758366
12.029699743456135
12.678048610248926
13.100204727128007
13.750928921863075
12.959351318472372
12.731158049222623
13.382012980619287
12.550356321235817
12.536747598520305
11.926599312809982
12.244005262350845
13.717360033590358
12.570063245743745
12.602278128546233
12.835469984713068
13.063185895625242
12.505621442488328
11.492881140616438
12.773184665697327
13.72887034637747
12.434415328537792
12.721982966463818
12.578272193600554
11.879888858278523
12.060773023436184
12.721398667669057
13.306884444997578
12.768095757047394
12.580983761731444
12.92969057175224
12.775918480001698
12.655847670960023
13.402034498961317
13.215116621476769
12.26827543053743
12.264305349883468
12.833449583389394
11.494830075141826
12.622205424121585
12.403455516834077
12.873240108038974
12.654420301934271
13.621294672078731
12.801714913722432
12.023345898093012
12.780446744720388
13.369752574831073
12.644558027689513
12.50375415410435
13.106721986762215
12.705621270469363
12.750372034039748
12.749781720159357
12.770139777409701
12.21082219625836
12.397831052368465
12.906547960864575
12.248431254960723
12.424566183582806
12.224919140779496
12.102004525280929
12.466601821826508
12.914683600537447
12.779381154615892
13.28386468748899
12.3960967691314
13.010791417658014
12.144388260695886
12.237376960532892
14.250717291215024
12.568211875778262
13.073805234821457
12.684783282205881
12.462749412303289
13.027239482417672
12.02865048179671
12.894464517008782
13.480760483836416
12.833935542347996
12.245725701145641
12.5475264754866
12.254623703466773
12.528534266994788
12.359330926884061
12.805466070995573
12.284925107982634
12.585013352422017
11.955938283928091
12.6293554383935
12.284762020659771
12.371914522905511
14.544508477778354
12.470824470528848
13.413861323093538
13.205450899813936
12.302126366567302
12.773380837398784
13.05475241792891
12.616928491143282
12.909783263566396
13.196189675601104
11.591292315285742
13.189020178822778
12.047036415998814
12.487762419526529
13.080737772806044
12.605969155551627
12.835241714381034
11.95200729082529
12.762461872106147
12.633424605774449
12.339995803194208
12.955391711663388
12.836000245950366
12.823680921694288
13.014274245143701
12.44805678649301
11.95061658890163
13.015580379628348
13.033257917604725
13.138868883800882
14.094928896078281
12.706665394859067
13.874748246108028
13.119087937558387
12.14190714870887
13.447820458949327
12.591926823401646
12.555588752941405
12.22980833880207
13.269881352394584
12.771738235978022
13.12833588707786
13.155523030017026
13.153795253220565
12.096068597595446
13.042211429685798
12.628518549950593
13.782694765157444
12.326275339195137
12.98190664508436
12.780219720465746
12.660706146063717
13.759972524076318
13.799566999949658
12.383012167627378
12.980820901654088
13.349887362658649
12.59973413897794
12.008780891597466
13.591475815139859
12.35146899248372
12.74294088261642
12.847426414441188
12.72777614344228
12.713710640389074
13.046972595064865
13.837021541283745
12.177898084038082
14.217961728883822
12.203067302005293
12.417422753712769
11.815683414680425
12.94302003144904
12.907475205474794
12.880052768188218
12.82227925429427
13.259610357686068
12.9024033616699
12.88466624692433
13.439922165901027
12.697956949212447
11.587502737364224
12.393061159085327
12.84249302583815
13.506260676111138
12.982772034943427
13.455973826942762
12.251484485300463
12.712822414653507
12.796495362084475
13.13438662371686
12.513410854673968
12.652551290015644
13.265209737485632
12.974273319092152
12.185262940223602
14.086770099221585
12.534898979174395
12.390813513402653
13.340462797749165
12.506078384012264
13.871339715020111
12.576667521099031
12.68065973005723
13.586496281701416
11.844525202125737
12.990066955700753
12.458569076140822
13.121277755764426
12.881327587240461
12.518979055608312
12.523194365634433
11.974385444041348
12.298749814506117
11.780846139906041
13.009631142325425
14.012663106860133
12.900483804968697
12.850681023676636
12.566730917306321
11.93593734714882
12.252868790231288
13.209696511097535
13.521493991085324
12.391135140643609
13.820648588355555
13.660527384123451
12.235224848778019
13.424309534308899
14.546882662699646
12.665418909175704
13.11030351129166
11.842264668494046
13.17660669781948
12.500803273742347
13.382187145053718
12.785752288003968
12.737223316538302
12.185889453184316
12.342963297866909
12.016941184693673
12.277684543209743
13.610812068047556
11.676489555443931
12.397131532391173
13.474158543766672
13.48889518989797
12.646392994687657
12.715203109918853
12.260046292473588
12.623439149959665
13.034813464310604
12.285800174853254
12.69390852880632
12.400080815216485
12.847936357266953
12.832592441909053
12.198231574872187
13.610207462561977
13.60341555744459
12.721433502279108
12.00705938402501
12.036192668474012
12.552187863538375
12.43746552432777
12.890978953241174
13.399630644415259
12.253026743318982
12.780725213399974
12.395044967133197
13.997516825178439
12.992099491562586
12.79600078944588
13.790583975587547
13.600177938583364
12.524003976033013
12.91188885742804
12.635915319013353
11.903224457122406
12.103554735117157
12.511976527199465
12.981090477938174
12.542409966068513
13.42279289766848
12.339105558771287
13.125650174406706
12.313713093236853
12.313559221070161
12.559684673791237
13.078118867475188
12.236128351750349
12.235632195550982
11.877465376661995
12.548114076296953
12.569072571773496
11.894219094995663
11.796793935108555
12.238152426269938
12.3362086747658
11.873202383826019
