>run200_1
10.457812823822241
10.735652910401921
10.971907341318229
10.825147838221985
10.702652663502864
10.57082445702031
10.731310717626737
11.41819740231755
11.067894618293844
10.718232857946882
11.220023814766641
10.725369272571264
10.514828805614806
10.821611190674545
10.817928906508229
10.651367600842175
10.78479942266939
10.852915879591965
10.845635377218564
11.083650816593705
10.970005999102739
10.711864075453223
11.073406239826515
10.669809970635486
9.63379828726872
9.955888667528226
9.726160422896111
9.95429689609487
10.587151701622249
10.88468475904837
10.549030697732801
10.567008428320214
10.486095446076282
10.725085403494496
10.892929903924243
10.902741115203103
10.661907125435297
11.124388463751348
10.743910085948604
10.7717821437352
10.712524881834835
10.371589844286918
10.67918256308331
10.510577313383926
10.57690436010803
10.663896756747299
11.129042052304
10.582677712296915
11.027432413229803
10.499390220262278
11.237160783690662
10.80567197070615
10.350090421233258
10.774721877788666
10.57007757752366
10.734440314114433
10.729422861111445
10.630187402865808
11.004994466201307
10.858491469129655
10.411201112050033
10.373788655793433
10.466132742824865
10.669454044642995
10.7878130820574
10.707338453020837
10.746930144198519
10.802242981092999
11.069624732299957
11.020117527890545
10.971554927416202
10.909684481100951
10.728926946004322
10.986753340314463
11.512762444095129
11.100198077159959
11.076053243033067
11.09968426039437
10.95817036719177
11.710954634477918
11.066776419165892
10.502536237194606
11.078112963039828
11.203027608030345
11.019973784082138
11.285258274861029
11.215281783900666
11.233637203175775
11.713640343351587
11.083442737768276
11.166867296395841
9.53929704510157
9.816738552453995
10.839335649127218
10.917394109599195
10.536558205340881
9.511428487159048
10.572290727970975
10.933193701798093
10.255865456762354
10.398883769057825
11.011129218350877
10.473328572708871
10.33168333486284
10.10673773835721
11.913231991229509
13.323448488182423
12.507990157816497
12.524451222661972
11.347041319630865
12.34779732834208
12.75805233064372
13.96151053300142
14.53673835473839
15.17009807725146
15.615693603772273
16.058503884734076
17.138415143220826
16.761475870753046
17.784796287561228
19.106718120378513
20.47249999304524
22.68652325121416
23.587740898170143
23.344541516770988
22.684305220776153
22.66281795963131
23.582958738567857
24.780042128943663
25.94697967760823
25.72395145268021
26.052549916188912
26.49036843726019
26.443060480849006
25.948141818990766
26.478511204321816
28.569014065471084
29.588145102825706
29.325834709455734
30.11033150432829
29.118178617339424
27.475791186903063
27.96508200867546
27.580533904095248
28.24126722816197
27.601202149806735
28.090709873147905
27.950246330637537
28.980133331336134
28.85374074046247
28.662294767759956
28.047034061766002
26.533404268373346
26.55908773301723
26.9689972626892
25.537759424836445
24.898950520030983
24.661089222236257
25.149417428270183
24.40044478666537
23.176662278980892
22.522181191127014
22.61947804956049
21.98543240686648
22.12787482098203
22.751422880141536
24.35108352000138
24.144323875177253
24.26011258413162
24.249764169375574
24.526394334049044
25.774286038655163
27.19425888626353
26.72068430156732
27.53081228863213
27.630977587137103
26.923806410601095
25.57814276157869
24.07267154179467
24.320067000730635
24.066714732694532
25.51369731341423
25.881062967296472
24.67865675145142
26.115907298238515
26.437953126831847
26.70953200347449
27.101936514746004
27.349990556215868
27.584474493370287
28.600360084441323
28.127144372334275
27.955214696995228
29.627161922407637
29.284856178608027
28.24567824773876
27.423289929835263
26.725429860857094
26.903999994849517
26.371754940214515
27.243127766983008
27.39743394680306
27.837104204785764
25.799739138156706
27.15410915651053
27.24532015828209
27.457218031496044
27.11880754834681
25.594214851249692
26.084723462596177
26.989628967696216
29.821507518096784
30.951717380975804
28.38002241048078
27.885972500423712
27.692564704374465
26.236367861579552
25.88106405555491
25.556014882633043
26.546662340651572
25.605228091899804
26.039491773178582
25.422126961159044
25.516110456627153
26.546881898402702
26.6788455092549
26.607504989225802
27.777500736536272
26.30627391274632
26.793117806803007
28.188672862821477
27.93840711968646
28.689891562999208
27.73467903635952
28.315434141266167
30.141972922273577
29.68096417511009
27.79001665647446
26.0020876016695
26.79250288857256
28.15122167830051
28.673338078286903
28.175506707842285
27.728863501273167
28.432219776029093
27.33374396640925
25.837545924277546
26.55601667445987
26.52265302323537
24.770390752285635
24.97479167816465
26.723185296111694
26.871288902334744
27.18001621609805
27.81228938010119
27.942757177088847
27.21947686895714
27.70787405123561
27.023974971384046
28.028655200186208
27.581827287247958
27.809949068551827
28.04319402975299
29.240859751917522
30.302995671493818
30.889486458462635
30.431192136349452
29.80111263024299
29.185806449434832
28.051620191408162
27.77818541526079
27.839891312761814
28.861154574272884
28.264368329961925
29.06970990050009
30.139830436941807
28.678502073098663
28.31579571635435
26.77734837959723
26.81432609650437
27.466172832426995
26.969728062197184
25.97085228044057
26.207721949040952
26.247419850642533
28.806966325034903
29.91616553399825
29.93426992588184
29.973058113653984
30.096362336789582
30.53578643941208
29.263797428282285
28.26481824328286
27.061928194464514
26.578651394133924
27.22032777758936
28.51540261634347
29.031789134376833
29.630045839707382
30.939368630229705
31.13750141783535
31.01450248025332
29.927427966311257
28.732019472757653
29.72909955530784
29.856623720245384
29.55747677222467
29.743110349108647
29.796367250540296
30.448906332335405
30.31595157719673
30.467497382961888
29.91148277148132
31.186457322019347
30.901523659044177
30.384987374671162
30.010621410799523
29.729469383311855
29.890208097493964
29.705974366859987
29.795094895798343
29.48438971865038
28.651277584189117
28.697562695577556
28.717940709530815
28.239149161575906
27.814225336669516
28.826172721527154
28.025742876171336
29.72565484876144
30.004588180178786
30.01342414807103
30.879120620894017
30.15110018936614
29.168307655875612
28.211000157338862
28.999364143016784
28.742184742997498
29.878705460298892
30.589078694966286
29.957859201217516
29.115949618422274
28.908596109004424
28.16724516783509
27.503653891456583
29.018113560200568
28.445342505294615
28.340684027044503
28.26316836711856
28.404018728378823
28.884848927132953
28.180307773186023
29.135852913631965
28.517177858844466
29.19660025742487
31.027086857854414
30.996521796761634
31.37918233634848
30.76771493343826
30.230829614583865
30.882430836420948
31.29908165090821
31.232773009425472
30.953371400657343
30.321770463295298
29.561052278770386
29.380826195551318
28.990236081932476
28.00673495496482
28.18544151860982
27.97834362228317
28.758831899200825
30.223246092699554
29.691730850392535
29.370170956100623
29.452784207501885
29.533849265557674
30.933025494054586
30.81331652581215
28.11397724598211
27.720600622749476
27.5089128562261
25.89616256057659
26.773066262468383
26.218955082790043
26.568088158514303
25.890571617330103
27.74364863911092
28.16235308070511
28.926830545274267
27.902348735253934
28.189226992093378
29.401222403108367
28.979234816204738
27.751606826042295
28.08091879145527
28.31726850745349
28.892210052757683
28.436507110544305
27.48637566665283
27.694280361170218
27.404278295870075
27.167988146198148
26.75938098350954
26.555238237427567
27.21999168745909
27.440128266676876
27.64510759147786
28.031335906038947
28.53165471682459
28.790824086885294
28.416407330090365
27.846569189753986
27.320951208567852
27.26545311124035
27.3120606665511
28.557390730405885
27.222822937064695
25.367019027114523
26.181989630934748
26.40084222234622
26.099619693380518
27.062906475702015
26.993269052915792
26.955211194727728
27.756435074291772
28.444922703761087
28.136814864803814
28.13858619855739
28.996169242392906
28.195109835173305
27.47004505181005
27.79898250723587
27.961249903138295
27.202867667248515
26.803052059165385
26.789160703392152
26.256211823176
26.512227255519214
25.526780470893723
24.72097633191286
25.637079311012915
26.441382356713966
26.64252586088164
27.68505342396638
27.577532035494677
25.823707995964405
25.740887050303392
25.696203637219764
27.836556620134342
29.069921989445124
29.755621663781415
29.59210621245431
29.800923476807352
29.249140871069702
28.614140562153068
29.06770201329663
29.040481514357545
29.01689851940108
28.581581893457887
27.95185103003763
26.305401293629416
26.840273431455145
26.304635489645573
26.88690608200987
26.778486812719855
26.129630373946075
26.090915517807037
26.769902720323593
25.683783322030795
26.822127278349914
26.711269504402537
27.20764205830026
26.741147329229076
26.951752730326113
27.77655645541544
26.812781813668586
26.13508760365591
26.7299908041532
26.74668574363332
27.50682383039673
27.970816722160013
27.533594486532255
28.74219463826282
27.459831502862095
27.691086122208496
26.67055689983703
25.461478136536304
24.860569217277934
24.716830296921287
24.22439966313665
24.690233657357698
26.016379715994603
25.465882881084376
24.671411759553262
24.369511192426376
24.18000700124318
25.72416783380323
25.69245883337458
26.49483468048801
27.204400841128553
26.063375463125052
26.039004266526373
26.58510121114219
26.991335397520835
28.42783134752371
27.309280789972092
26.34540427561024
26.60840067351872
27.716576074821013
28.576832014688275
27.219048723934296
25.609154589744065
25.466766912775554
26.555880336118165
27.341564642755316
27.12986619666936
27.745243912470468
27.964864881396124
28.242567693984995
27.328755483713763
26.710118746224293
25.853787927268673
26.49524244130837
26.83706845429024
26.199161801008525
25.796856306975865
24.928832940835246
26.047692415943875
25.835642037971397
24.924677743263686
24.27624884629221
24.86895124514381
25.51329437650726
25.735897835757545
25.150754927176575
24.895154022716113
24.560142447219764
23.690248305231002
23.542596103348238
24.882966114067923
25.100537320156885
25.182928843048135
26.138703020858234
26.814267839978086
28.047713181637903
28.697296897251782
28.248810407514735
28.35941282158841
27.971208854022706
27.14424714222778
27.348477927485895
27.434816491698594
26.445666222793154
27.38853796620615
27.830634410017094
27.86832735817503
27.278804089900866
26.315579695032287
26.13583619559067
27.35904608915854
27.787618743761254
27.935407151459906
28.790024890405373
29.021987169548666
27.879020950402495
28.217076509448546
28.88295564685948
27.79717321803401
27.38625849115048
27.51639728702841
28.20425306842386
27.737915743545006
29.387530041653772
29.999617839107167
29.861897884360808
29.912644941943572
29.116211932397057
28.890027094713645
28.09792734051216
27.753775640965518
28.139373438761947
27.518513048490384
26.033240074984697
26.479946695571705
25.646229028118125
25.647639462099594
26.583601699377876
26.843958207288704
26.554807842408852
27.462916684148308
27.010725867880026
26.571943495637537
26.90479817631549
26.29666665756258
26.993317117015224
27.74964641202695
27.494726884792197
26.91545448992603
26.077944311278237
26.114088175937713
26.612755893012668
26.496362807653608
26.36493767451835
27.224195944876904
27.82017717660371
27.35571167371753
26.265857766812314
26.963536001742252
27.060788003975826
26.450588422031206
27.674946275950635
28.01039944056766
28.541669567329077
28.390922008373966
28.704365335741432
28.85086003179642
28.193389100395418
26.93630434531353
26.343496931766712
27.723648538577915
28.930839440536865
27.466577568657858
27.37976138960662
27.53280848696185
28.006881285583493
27.769117355892377
28.044507936874297
28.237061209218922
29.227171157244314
30.578593433876126
28.747093138981167
28.452742403774014
29.221478262280655
27.36546314286459
27.568075802799243
27.683845607845385
26.669649983607155
26.339418479805058
26.393313916227047
26.85567153919094
26.635378368553503
26.22308753669892
25.6077141556005
25.689177002159546
27.631114222845863
27.973937606765134
28.402533595325718
29.508404577954074
30.688764624291405
31.43156383226955
30.909535497199546
30.943706557238865
29.55754722677475
29.75020205954485
30.278202122167535
29.42191112696386
29.135790664080876
28.83498812163844
28.891632068029704
28.027814669932688
26.66846073234324
26.225323354819235
26.039465805204006
26.923550090939393
28.151451646852077
28.110492429983168
28.302290626626895
28.158321997736532
28.82342099842818
28.311512229108313
28.254586639266442
28.022713697919837
27.15001679511993
27.90643345155175
26.395853703739
27.815533876118305
27.940570903279557
27.187542975827235
27.029869552502365
25.88156975051344
26.158699243705595
26.731794315036367
27.616067358347987
27.689580918327863
29.451391124933057
30.196990532231077
29.60590964947742
29.811438789279116
29.719296983279687
30.012908409153248
30.23448515583
30.438707339996704
30.475342214118086
29.388171810389622
29.440018043422885
30.63559756919435
30.868158576583383
29.82243150278637
28.637335496619553
28.59234162781609
29.016478315808907
28.051625629319034
27.330945403778163
25.899132787438447
25.701911989335674
25.670457536833446
23.819080190048993
24.362977769024216
24.7892676883432
25.608705278014835
26.52790327217731
26.019248049184434
27.218224463470765
26.802358010879974
26.161931981881345
26.227011010076684
26.48750490633291
26.467846884640444
28.16616589479892
28.15752344253634
27.04471987389077
26.79753659787816
27.330091470728348
28.29810920218705
28.114289899821618
27.5029516810803
27.668019559950533
27.47265424645529
27.348796734902784
26.455849335187906
27.871505879146245
28.907075926342408
30.04141427458304
29.555851949468238
28.51958566752326
28.170113937027967
28.59868270977732
27.95210987798556
26.552909979078226
26.45355990078441
25.494231774676386
26.06253073559516
26.785771758159648
28.01465636838498
27.951761085564414
26.533867205505015
27.888881138008593
27.66700628883065
26.41297273756516
26.88236441935426
27.512716062900527
26.644009143056387
27.132510610533508
26.06365037118978
25.35761641232688
25.819512071259908
26.453627600023903
26.80344485226196
28.31741415643114
29.32926153337984
29.585714545398716
29.335529676200682
29.470864733719296
28.335436183452106
27.67046691074378
27.585920676037443
27.31613119818923
26.202115651509978
27.184618980928235
28.0205168835734
28.57659814478907
26.335765117526996
26.75213687615604
26.570635878283223
26.034680713676345
25.759349020469454
25.51822764420251
25.44196352446062
26.33715060276582
26.44162830829005
26.81636266678387
27.34699392818479
27.330023662939084
26.275986230243724
26.79610559030785
26.828749488760067
27.833357923193837
27.07731357924522
26.754817725192943
26.572925409076607
26.218910722246456
26.397209816204896
26.602210956710852
26.78555134086787
26.850445963219894
26.00063119970442
25.449033659709222
25.252180241391763
24.84982003192934
24.247486400485784
23.61822439428333
23.688354935408725
23.598009625672148
25.217592738766687
25.270273136295984
25.29720034236357
25.543115414689627
25.324554100230415
25.532591171704794
25.01843838078296
26.254631695342827
27.160890947093083
29.054995765191954
28.67081397246855
28.581640328558613
29.95786057188468
30.61559223075892
30.427007773043876
29.34085571327275
28.135593333323946
28.054772124634912
27.2281390761051
25.663112763460347
25.276657281746232
26.55929377244768
26.0178640852782
26.75623947599885
26.124364235482926
26.284482035068834
26.545835595351864
26.300774850076714
26.056763088046996
26.43162258849154
25.643001993686592
25.301560710967994
25.254474783884568
24.672839585388473
24.791509728540323
24.161040390476575
23.356048679705424
23.08722476444856
22.671998872372097
22.137683479760828
23.660593039562716
25.26115495125464
25.271184417483514
24.971496098255503
25.263220750010383
25.622139564280758
25.31017195251766
25.335883634172706
24.81129571197273
25.700094250466705
24.593008095207324
24.702432926386013
26.69024626410134
25.83970194702576
25.508519882857843
25.285090202924007
25.370777693030742
25.442257154118575
24.401531648178167
24.048674363109612
24.39056597779281
24.935990289744872
26.69183187715571
26.488422905408246
25.518196922355624
26.362185762157573
26.06038227511905
25.37028033922282
25.908092678849513
25.927021646690516
24.690808065603854
25.465702250294505
25.075989029013165
24.12405965773687
25.189385332745722
26.426126373154514
25.470479393441426
24.805759473752754
25.56742912106389
26.121878979127743
26.954398037772968
26.964397252420156
25.918028843964343
25.246722266188392
24.784031473314407
25.33916932914882
25.826735201691505
25.00442444839069
25.016265663649296
26.521924758036775
26.73250137970888
26.173063048383515
24.341024324359456
24.330181062182376
24.900531683145022
25.11960671382617
24.827346989299656
24.824148809447994
24.812277441465994
25.744484554354546
26.43633280936276
26.0266886710995
26.705351124122625
27.471027683863163
27.423432232684114
26.236583562272983
24.338155542502946
24.43368676510303
25.43583201449612
26.750893331227456
26.8180646430053
25.31783883355719
24.934708362387287
25.463104828725445
26.224532445177367
26.598661235790093
26.175627686305514
25.732285471403756
25.980024864246314
27.113195545088292
27.419449723501085
27.472548386814037
27.281512850879004
27.449376570145628
27.375503541734865
27.905208577048523
27.206378838972682
26.808333146366028
25.807477374080943
25.29090302394229
25.724159568353787
26.62765463675907
27.692669705421654
28.691432129105916
28.06389776069732
28.03452530748108
28.191481128096815
27.853451639466385
27.78408766566701
27.70905459288765
28.211989696775127
27.7444605557996
28.089617685488513
29.262161722362166
29.27993328985972
28.953779631888654
28.42545195311679
27.674863162505083
26.907822468546172
25.490212551342015
26.607773985097403
26.281698056971567
26.70435265388237
26.405495347592595
27.45593402617634
27.638983360313016
27.433638986486837
26.78343301012785
25.94616884383573
26.445194261764712
26.667243780383668
27.24903377677369
27.159944234936997
27.575303096144776
25.75616675152935
25.35609112805736
25.731028829543792
25.911803687050178
26.273134459262888
25.99812404327849
26.130610630211233
26.271731568413326
26.2141488199295
25.227678110895837
25.05095275509662
25.267131009921663
25.638466485244603
24.630538551309062
26.463463072582055
27.229863631716842
28.33803832062436
28.462505333921428
27.614641750624227
28.71433302169874
29.33385360775313
28.92598695113119
29.100175494135787
28.46843027750526
27.56874893027285
27.740876385795946
27.775419658056762
28.5480663952062
28.410211812374826
27.27546554789673
27.311081358357434
28.6101783303843
>run300_1
10.200363619351014
10.718925200963676
10.675583159684807
10.836253969079143
10.9023137850317
10.631821642851166
10.850936966443328
10.865295963193583
10.89790690852552
10.884458803677807
10.569019522992832
10.66418668125586
10.90020583780266
10.805605326025422
10.517993552956382
11.156865843907074
10.16176962923482
10.617913465653778
10.83545348196299
10.441864276728932
10.74909367472439
11.016604618820505
10.821497080015636
10.888304857436303
11.001733272721086
10.928430850384586
10.741987315362572
10.67441713914636
10.876917755179727
10.909248029545036
11.166009174735889
10.893825418694691
10.594713520315619
10.758137522293087
10.896192703874013
10.92883492465064
10.769288964721742
11.167231346149581
10.746459313134968
10.73169294152122
10.557414831517077
10.793598008872028
10.642373897228605
11.27604698008861
10.691691491574026
10.519069587250696
10.22610837869878
10.764512043620938
10.58408197530168
10.576183863720305
10.069930750279955
10.329651411282981
11.160167887807019
10.395267201082797
10.649754203196082
10.580786703920399
11.00294729528113
10.77265795087789
10.473773259846281
10.545837895149099
10.811541689930294
10.676361939207316
10.891338429742795
11.003069551745092
10.583602192453926
10.57087864728142
10.689464780830216
10.870636877433878
10.87790098384542
10.947293387385253
10.87929624533577
10.741043817696145
10.851530787666062
10.86302150274195
10.733908867817608
10.649903334659296
10.125419193014872
10.411107325086887
10.774356560266643
10.446606721848214
11.212984914919835
10.842404274440353
10.613750278701513
10.898818800309757
10.743768825664885
10.454151489900735
10.903971133949522
11.054617521009638
10.973544045020756
10.771510260266355
10.737208014952117
11.101232397300898
10.985552343814353
11.032893645753113
10.631098496135463
10.547804340312576
10.86349629597115
11.161000116892367
10.978563842671713
10.872230062060709
10.555164176589162
10.844121810710888
10.777745387831612
10.95146558356821
10.686653670145866
11.060251965552325
11.224315058307786
10.762166034744483
10.814798723905694
10.87825154099315
11.000617074615374
11.045231755345913
11.00859322964929
10.788603534179323
11.315182091880583
11.077466593977956
10.542373164716723
10.599118491331689
10.548600877307338
10.603271199591067
11.367093282506378
10.371870518228983
10.637325528090125
10.561190605115327
10.996479744321121
11.028939689705195
11.506142435178038
11.522918692310567
11.521611712632202
13.765163258497005
15.149351760941164
16.98806861170701
18.596829664987943
20.79996341180879
21.461985737735034
22.04644896097401
22.9570087227675
23.139402609736674
23.71608492210367
25.991885940596006
27.05511559193816
26.78034591254319
26.39807617362486
25.45273235468548
25.58399762543689
26.405090788664566
26.677593664577625
26.69698746024451
26.672522536813617
27.875251392003264
28.87430742886415
29.21099840071713
29.05290878427058
28.797770293314116
29.730353774962282
29.525985229276387
31.10209971338542
30.33483967011562
29.03418921052226
28.97891472910427
28.730355114548527
28.888082591811486
28.44310512269435
28.636225274717678
29.472341785130492
29.850171206086742
30.424334479558667
29.8277667193277
30.65869873244644
30.143969043593355
31.007979185993772
31.32828438294199
31.40732681516666
32.08906310293932
32.18022911875865
31.39912396262872
31.335348408876623
32.53722718625792
32.965258544266916
33.03546428793463
34.47966924014797
34.55142545822931
35.02755107363092
35.89495742587623
37.07335848478857
38.464066807421574
39.18981839525282
38.06779347091337
37.43637623496369
36.305567962695804
37.03403203556885
37.79856766316602
37.62475923843151
37.87192872358715
39.55798436049616
40.80593603731594
41.57579216788698
41.99882842155152
42.28920630839246
41.3584402705359
41.87325187293589
43.3194433085508
43.985128496664714
44.1877116816313
44.161558360277155
44.34171879092055
44.41482726810379
45.94098430989198
44.48609787908329
42.7163368518372
42.57085916295709
41.36566385777461
41.84594598880664
41.36595969895099
40.66631947190747
42.18394367527945
43.668315314314704
43.86716540747322
43.17310789540323
44.500837842056846
44.01915613822001
43.242980389280795
44.45828382320975
44.493759404082766
44.541895336435225
44.02259006440909
42.513095295386265
41.76353186249255
41.817811684602944
40.863503512519735
41.90510354669652
42.44158972446268
42.57337841852043
43.08197991945566
42.200790140011435
40.88526334905745
41.1822335897693
40.94217313093007
42.11324223924256
42.534072337253065
43.02123001086462
43.294413296898696
45.0835939579523
43.44415320736586
43.20602416814482
42.79116363832874
43.70287289001162
43.46844805620783
43.70580516965896
45.28387819125144
44.11767858069443
43.760693454987894
43.644758597274645
43.098514768905446
42.14830130255819
41.43679986484134
40.8118268275663
41.59477659487917
41.26744779897261
40.685492892295144
41.87255869114292
42.58273686062299
43.07025916534772
43.79750843144384
44.58282680341554
44.25942333033736
43.850066630086765
43.07342507887459
42.59886830406313
42.919466366406816
42.52998631554108
43.36813591622892
43.45966967444406
43.66939106864339
44.17834789680777
45.12010036329935
45.73551552548816
47.477771397981684
48.24674852092284
46.9193616829843
46.618145418907886
46.10154330259068
46.286730095247584
46.98297722653816
46.41294595798174
46.54979301693517
46.8638086121086
47.54605351273137
47.551768859677836
48.01921436278557
48.24484511490021
47.10742440123658
46.23937888571446
46.053709427150665
46.53293377513572
47.03896065732024
46.48151097254126
46.441219025861415
45.085681052541325
45.30366966531636
45.04553616216058
44.65338608261681
43.99674383070045
44.84788700364378
45.82877005206271
46.48747376200084
45.346550998764656
45.19847057742763
44.79711145286766
44.770870934703
42.45703248200204
42.89246765394275
43.55521020324782
44.43980326641916
44.97126782573386
45.54399961151642
44.594418526470655
43.86073352423876
44.239385621372776
43.83400541921081
42.143699559834964
42.79915293113825
44.544213971882996
44.22705901646421
43.96230215473698
43.312003173225094
42.91104465425265
42.51772748121805
41.3403223097094
41.41965444601674
42.040172506385346
41.97090945756535
42.14405601562086
42.848798392438006
42.10183555707321
40.80630416872246
40.77647230981871
42.230243592773135
42.545150547312915
41.71202313789393
42.32373129768723
42.63707657642039
43.30826486958987
43.007697419848036
42.0969920655076
42.186011481500366
42.213434929653545
41.95948557983112
41.86845122474729
41.520670758318225
40.79110803271542
40.88205996560974
42.498743049967985
43.01677960209035
44.78191415226428
45.382381068032025
45.37967603372554
44.68314800774479
45.33495461747598
44.89862991114682
43.91487926747281
45.26055177078651
47.05362569587344
47.33504085823844
47.54066002253804
45.965602147857524
45.32194329105184
44.53376885288823
44.35506382046269
44.43926368048621
44.92845980054112
45.2188899773251
44.47667546957549
44.23294647437369
44.863520939478846
45.62049672461609
44.67415931701082
44.0349229850279
44.37413973033725
45.5879569902368
45.86293946345685
44.83128695795705
44.88301194391475
44.530554360337256
46.15921710766693
45.63349221649701
46.317358174560844
46.246971036618724
46.02642024550434
45.81598444309478
46.31794879289491
45.75153310207699
45.84044891445247
45.238696169859885
44.35714721663719
44.041152749941325
43.000305685344586
43.55295556400009
44.12035511106511
44.36129964359315
43.424214389949576
43.53197266562253
43.42042428401297
43.64784688694668
43.56081255732576
44.04631766288045
44.3704688179927
44.06914883459793
43.70382836848507
43.53834036454405
42.88344055175966
42.57934869682787
42.369023004084845
41.998149730350875
42.017180146377775
42.821071934850785
42.71056626504817
42.413547826359384
42.91642489497496
43.49653497402449
43.45807763996749
43.34078545555403
42.28269932644612
42.37892132503373
43.707300728136076
42.37475190159723
40.925678462881955
40.411784142060895
39.8719103908015
41.6555742501194
43.383365576002134
43.5755806317916
44.003869352263216
44.297548182791495
43.67925876971719
43.86732474838389
42.0765140817555
43.04344003277981
42.729245292833255
42.250013482308226
42.38327120142622
41.12743958312237
41.482650808144214
42.093042430659395
43.0797226437828
41.55562729948027
41.60493487741012
41.39669150428207
41.96648054503524
42.22499321155589
42.40203626774202
42.06379654101434
42.65542171620418
43.06760209622251
43.40595958056066
43.140885358895666
43.78858939236939
44.475409664065396
44.792011858256345
44.99281850814134
44.3027140613936
43.16562409511342
43.64632676741837
43.93818726222716
45.20343321646293
45.145132961741865
43.16563527815368
43.256183373949874
44.20834786170328
44.12036500214445
44.4492415993765
43.89593906918764
44.072178689549226
44.390048736401106
44.07464796024783
44.555704998916035
43.84974305973451
44.292052524063976
45.41410805841819
45.97098747572684
45.32305290570203
43.91668129368554
43.93007856268338
44.31698211071035
44.94029592726222
45.19542396105909
44.87250841699302
45.622659383266814
46.50146609192754
45.78690529777702
45.13701482066085
46.229615417552814
43.874812925049284
42.44908092081252
43.423623950502645
45.27924982443399
45.81368716631311
45.65615980777527
45.74461908453834
45.17185088203465
45.03855037070489
45.1431325842099
44.66824806313093
44.766772915145125
43.78521889129149
43.61649128998628
43.40111701565737
42.836204644453964
44.32262359655181
45.059084787381245
44.53125494421253
45.480753027392836
44.8050162010508
44.063165071181686
44.005801889952195
44.09167673962845
43.9401012884142
42.94695009526536
41.95027007342236
41.10633314449411
42.23978743984341
43.951478755252545
42.71421597933737
42.98507608848435
44.067360687295874
44.44530325939066
44.551221989523526
45.254240379514464
43.850704505242625
44.283215300228285
43.99617556481345
44.81137607073767
43.93613072407869
44.46104995622348
43.6846225686175
43.641715930319855
44.144906434116024
44.2972437849966
44.271613614346876
45.36292249824612
45.41568298719592
46.24519437627008
46.18521270845783
46.85561559222862
47.85551746614457
47.90327445268841
46.714977485534305
46.85192739059857
47.516123067511714
47.30867996509433
46.836100558134724
47.5514079431814
47.180968296699746
47.3342224226504
46.625205703964106
46.292137649922275
46.24817226902143
45.018164968460916
44.717988808325096
45.2737734521628
47.427506577375354
46.110770894058504
46.250502382610726
46.151991173506346
47.08125583208722
46.38433645591911
44.69811192738235
43.52858683427526
44.25244117711665
45.21432328538773
45.19593183806442
45.32380205484324
45.15167409208618
44.6518317581966
43.4885185276894
44.061592493337635
43.91401972473045
44.583338353236215
44.281615591310796
43.651677015999226
43.54841763409781
43.60466225452132
43.358967625075486
42.49895838999729
42.798773978340314
42.39734944528371
43.27245459148341
42.85495656532285
42.30856784656227
43.50824230352078
44.25775995972783
44.07740671807406
45.919349483177015
46.95776568924817
46.84740243918457
47.57123925644932
46.81437969006515
46.44162403216357
46.82356157822426
47.74244086822903
47.080890637982904
47.39737908212406
46.829282092712205
46.637920719843216
45.65038861565458
44.62428144958985
45.26042259814186
45.89368086235742
45.67140546404579
46.24318939855828
46.45455094294324
45.48203065656556
45.03556567447121
43.95305895296424
44.976202794647264
44.36399908370295
43.96407077168757
43.15351539477016
42.531456321090296
43.06552329389132
42.38203755484597
43.64180576369372
43.93192911334885
43.26930267052727
42.30832954437506
42.14690015536647
41.855542199715515
41.3127075428651
41.33573979936437
42.36748039984894
42.40826543696594
41.557393272281395
41.15603579804845
40.46094097106844
40.87512647020629
41.486051570706984
41.9937279936566
42.47712134284436
42.25889208406384
43.48074865863181
44.035453785018795
44.60434884286874
43.206976685548376
42.385041800066936
40.95168218894113
41.48972080078968
42.514261273709145
42.66284369191631
43.58633234575969
44.24462317324779
44.66318298338839
44.51514743752063
44.95904740170005
45.54892149452066
45.1853496145165
45.131725535829304
44.99586094285678
44.85924500284394
45.063784429266974
44.92283768024985
43.95664875901284
44.02288968425279
44.83055544632034
44.860357429716025
44.732261290985136
44.162055548209345
45.18382070094496
45.35734809928288
44.50997882422423
43.26642929720682
42.41802847269002
42.46264079410111
41.38999609600973
40.86833655476393
41.686443715004735
43.32409642934505
45.30097722363934
45.290497985385585
44.992333641451374
43.83982952599606
43.63549527428325
43.88629977431797
43.90619954882331
44.40854542633204
45.60965896953194
45.38261383015188
45.23380842426835
44.24593015144638
45.272645444938206
45.47398179340979
45.18599999094517
44.81161265826181
44.03478022750944
43.055629912944234
43.567939059039404
43.0678843155951
41.33910129628277
40.42631858573322
41.517651279184925
42.09658342300813
42.33557392590084
42.215262542503964
42.640190042113346
42.051099491885445
41.8848291511064
42.00389906801309
41.726542397339
42.541379032341226
42.28986041444359
42.77047100931436
42.422919469786244
43.4569359150619
43.92716000217962
44.547830442878734
43.92741640933366
43.95408719978514
44.60954509128335
44.599120351659
43.88941339503847
43.73646007775026
44.35409692256099
45.714864569474756
46.222402266115076
46.442100144424785
46.17623444181895
46.183801804541964
47.4695056274794
46.53180346738044
45.9790924067826
46.70016954400264
45.31077587832645
44.64537535831322
44.09687399873057
44.48970939133284
45.47329292519348
45.75343953802454
46.23975339785648
46.33458915984967
46.61795336533896
46.478565901804195
46.70721039011817
47.6570195225409
48.10093825891092
49.34439569495145
48.91566862034225
50.098373451432636
51.68881588261568
50.478420029716624
50.065178597429636
49.56369614450059
48.81794399379084
50.0968310747003
49.75228800473368
49.7456346126646
49.670693188035145
49.429435640141946
49.428923393005086
48.98150220139872
48.355311766695046
47.16078271803317
46.8393182712305
47.22024455426364
46.327346997398124
46.22175444557018
46.683196337675305
46.2280053543171
46.96791558768056
48.29502402434453
47.94132587242828
48.53398876593183
49.64100415752406
49.26189028200883
48.4260393579614
48.771546968196354
50.33185202213496
50.757577978030646
50.82068002079449
51.34347996347506
51.09699206898978
50.934064699648474
50.615207899073845
49.277847574953
49.205801697003054
49.38310643769066
49.61939478150614
49.831429610023385
48.44641940976965
48.549089597492966
48.53446764489856
48.713924646079356
48.94848253173622
49.56021199371848
49.3398755943418
47.775042669331725
48.53646134973298
47.530725618701055
46.941032980300314
47.53520454155273
48.130412374217705
47.56310136153276
48.032640107466946
48.95206335997332
48.08219080536166
48.47742620064639
50.131306074261566
50.20150868603929
49.37959532882338
49.864847068637765
50.15559572909552
50.02648703755991
49.91528079494644
49.88811189882929
50.49590314667258
49.6312619679168
48.80257340376052
47.848785534479234
48.05673474666261
48.69895940510165
49.21990077531663
48.590020359167184
47.74886035574456
48.08345599119418
49.448860426734576
49.454676687147526
49.74331899239121
49.019635181835405
48.63044743286148
49.82427603358933
50.30209440669682
50.71109696501487
50.84388488490047
51.078624792306165
50.589532647452415
50.309243265185266
49.92134219056183
50.62667486238718
51.635631937240575
52.86025376141352
53.77719545674399
54.97153902989803
55.76944379231493
54.92126587937327
53.37237039341095
51.611134857082064
51.01761392784572
50.306071492432004
51.60473132817655
50.91882625356198
50.246544516732904
49.90688340217012
50.71164913860729
50.794935599592016
50.66484724353341
50.735290659031946
50.38688436483914
48.63333331449879
49.12842508787676
49.77713340866778
49.02586012580758
47.94500531069532
46.992874426279776
47.479065521181745
46.54924495107443
46.709231589436165
47.04223170549139
47.7112464630277
48.60883231483598
48.39571150134709
47.849603824723495
46.94449095000999
46.229670175674926
46.5265043392976
46.47894565061914
45.95067818692203
47.171058444096204
47.54177105831891
48.52551033297962
49.00197974197135
49.097666207838444
46.99191465839803
45.89825800967007
46.35604265762657
46.604156251550215
45.54976576739138
45.45103611468093
45.89496542053236
46.098632456455114
46.32614408864471
48.34368913518867
49.99393553984018
49.62120485935283
48.7160264312166
47.21177410440924
46.73583039008171
46.219767302841355
46.025991404915544
47.35918839920957
47.84505260888774
48.35594589238746
48.66322196243672
48.39248481124014
49.757124684756796
50.997069472665224
50.17793421073251
48.8018455490914
48.73698219520996
49.44194349766084
51.484540563599786
50.626636385391244
51.03414522403257
49.2466114798322
49.25287844909767
49.56142304192003
49.83779291126618
48.88917715193704
48.547070213121884
48.33615201380543
48.5367822357
48.508616895461884
48.666539993599805
49.52594425800932
50.51526962426102
50.1235738450152
50.247387613877684
50.47817934667251
49.2034670611607
48.98148070278597
48.32044723348318
48.50906152540282
49.27942390526761
49.56897405588556
49.052615960381374
49.49854545971591
50.00640538419781
49.65246221468757
50.0235593621915
50.619787568389775
52.11658515125838
51.95960816043406
51.47660184357362
49.90783701339355
50.20833602188774
50.367766431569606
50.59093793587509
51.25914310205966
51.41902587235188
50.81435691208455
49.83125114062152
50.655703921048506
50.24543247057505
49.731215679130706
49.16507352157099
50.32882846290392
50.64628249475325
51.07806510523546
50.677373732577834
51.01748572937035
49.38508157694019
49.42844812107424
50.52516167168835
50.727933804382324
52.48470760233834
51.11383192074009
50.87167252635361
50.75726477271887
49.587402457494555
50.754710504314446
52.180236667535375
53.03609285756781
52.5448994453005
51.95352274769049
52.911337112891616
52.111129030462806
52.641064893153505
52.71785137234685
51.84909210560486
52.40896434726567
51.51536354242456
50.66802427740159
50.703128957524925
50.94461192432364
50.1883419708622
49.526175951185486
49.17554848725521
50.13644759913831
50.42563089178743
51.53275847272879
52.62620833416506
53.12098082690731
53.18670261104433
53.23262392473163
53.691906498563384
54.70456896492337
54.17222737713758
55.088215144164025
55.86556011132095
56.16227701206316
55.716226449218546
55.192746498564894
54.29927966671906
>run350_1
10.233970018966907
9.887714126881601
9.098719534561686
8.914388715291233
9.634285588152109
9.100210061591454
10.750309470077141
9.21006519157568
9.121851076570904
8.995248977159052
8.792649619382425
9.153276458968865
9.312796734555427
8.47325948472615
9.492056676309776
9.082244624960003
8.662710053718401
8.553123109284305
8.569729710683347
8.791000701420502
8.391805588954428
8.672984002109716
9.324923753436316
8.977100925996783
9.440082393139797
10.023380843257604
9.760812945471098
11.116859931287143
11.126846145828596
11.754388600394087
11.576860191834081
12.522070729937656
13.571618393968588
14.267448067880311
14.923062782459029
15.49557384486498
15.787053665429555
17.725944050670197
20.871915953465805
21.812015528112813
22.425839894124074
24.297659037395203
26.6490831234009
26.521099179432692
26.179734481134613
26.49374245313619
26.625405342298635
27.185895402467423
27.806887304531237
29.78764672962698
30.706374974788723
32.150068657670595
31.956091809634867
31.398737704289786
33.22015521355995
33.79696455408585
34.44299764396256
34.84192781608064
35.45550534613764
36.88410578035475
36.60252669948341
36.56738925041218
37.017468049931246
36.696536365089514
35.44894479900693
35.73909456704417
35.586133724766206
35.738240975656446
36.327601368502265
35.843451114191495
35.3451466178876
34.98327772506703
36.58917636838332
38.10415730137333
37.03948268435605
36.958487947239625
36.94777781921634
37.75810742202366
37.65796520513929
37.75339886429888
38.592234581753566
37.73997078288336
37.469778388685484
36.77090866853512
36.06839627033424
36.27644951045159
36.3151019927167
37.53604590718948
39.08000270821088
39.25168085540544
39.406737119909415
39.27766291709965
37.09281056531201
35.67213327895475
36.005511265220804
36.861778716482036
37.68820397536197
38.243710666991156
38.52455677690428
38.687452591715186
39.590208767085606
37.98181262782381
37.19673816819956
37.58671464629693
37.86700659464571
37.751694400075806
37.60038532250394
37.24993107226151
36.9785492756207
35.65707917272173
35.717509621818806
35.135709936201835
34.47896075734694
34.616937362969225
34.20645263505289
33.835951478922915
33.92438308242713
34.281394592553696
34.70072345813715
34.95889353365258
35.7515369698981
36.69563392899853
37.08628127528105
38.83463835055466
39.47709607885188
38.97818079583635
38.0623533401059
37.110330665690135
36.50453648274545
37.49700277721617
38.06394827335753
39.1299773270744
40.39222867593794
40.3054256591607
39.474558438875874
38.71908782683279
38.61195136010002
39.993238977965504
40.4761230699762
39.617443552832334
38.86217500700405
37.78959964698696
39.08316092445902
40.38747633485815
41.257433672890684
40.7293346580325
41.16378340835483
40.617462549224506
38.89737888978964
38.16092130424369
37.86619595126993
38.05536272035442
40.37708164299173
43.33334957882493
44.456144854155774
44.1061765625709
44.64944232797045
45.36205133996519
45.32004986845911
44.68812287165457
45.20645757713752
44.86902915279312
43.84790972672342
44.67515259165157
45.48309121865378
45.84776681783521
46.50289881170363
47.50732663483537
48.44326760003507
47.91008853371415
46.788606231878994
47.47599748469776
48.328575213805735
48.55879236387234
47.128704668344795
47.52802651138158
48.576101982268824
48.45145074245852
48.30902847678978
47.16205029633098
45.601152699241155
45.068872253639576
44.914834827014
46.22058817568156
45.91066513707415
47.318279773007994
47.14444560595983
47.05595282130218
47.37803401892201
49.20292568990225
51.513178893484216
51.46030684083095
51.07792639528663
51.6832313441285
51.37690686664399
50.900006503496606
49.4510034457125
48.23231759526349
48.392514032787325
46.85384187070378
46.52437400287494
46.67845340530415
47.22888443477869
47.514652536391985
47.876645861766356
48.22284835598528
47.66051504215891
47.49267538010666
46.91444732069212
47.31308234887808
47.6741891341411
49.06387990765733
49.24222887017699
50.16321079119523
50.612548328633906
51.329817313629
51.439281557213526
49.9199275588337
49.732569028712945
50.25698724498222
51.04411145538683
51.88410693740266
52.52010647950581
51.20166250762075
50.1943338878906
49.823580873084374
50.13804549591127
50.76309819327362
50.86040390611929
51.04556103549138
49.02324042854131
47.39978817980076
44.93260795249348
44.41826791161012
45.11740864861762
46.81570058230164
46.96610519862608
47.37883296889191
48.50779334564816
47.43698590501505
47.538839656250104
47.53289426239869
48.63583264171045
48.21198987992648
47.10934928046406
46.39554772347292
46.011979803229515
45.43228323340907
45.06296276817983
45.961148452499316
46.30124769716635
46.7069004177665
48.38551813082732
48.834262437238166
48.2484948081016
48.18010350254967
48.977631194642015
49.876123312095174
48.99752423946766
48.39351321690872
47.69390697071139
47.893630179404575
47.61696521870796
46.99414182329202
47.487471382352616
47.887900139906456
48.15203950307126
49.54779243331126
50.26168188788872
48.885645143164744
47.02140537629513
47.20509108060542
47.29847292788759
47.27964121814293
47.13848637822702
48.41636186991328
47.74426233803751
47.48737090892808
49.100710262106205
49.72892341627739
50.967633082093755
52.357710245878785
51.704889774452965
50.33886332380896
49.8057045353887
49.22534411155222
49.708437140949684
49.970724035188326
50.51382538862443
50.41899519836698
50.35728285038854
50.79120262721978
50.591817686569726
49.51057069960363
50.56032474502088
51.18811669608867
49.85553362385466
49.766713661559926
52.130951944388805
52.24619177086816
51.86567951603836
51.434485463007356
52.09512388523938
53.19249831804857
52.886523959933186
51.96157881452348
50.8191625430001
50.45813025818676
50.37165087565276
50.34563633405747
50.38941855180291
50.13683039969788
50.81155440257272
50.36211507198563
49.37634870795332
49.54992005150122
50.268506056771166
51.51053243450156
52.05189337020066
52.44614702675428
51.723820162503564
51.16762287378706
49.96170240968093
49.178062810197346
49.355652254034226
50.64714127307782
50.683407900982466
50.7698953580809
50.89146812273784
50.138870688121
50.40159495324251
50.82455628835312
50.232961962582586
49.68306110871639
50.20944783446092
50.061140071783356
50.41701387341518
50.39420629582818
49.61090575642498
49.189537034972666
48.56310373266707
49.50521570429099
49.96328285862318
51.18457745988451
50.72701122893713
51.31574612269929
51.8518141084142
51.32864111080789
50.40639714408593
49.849413378453086
49.33034700652456
48.63768767609938
48.850821211326526
50.2825475791683
50.75562847246975
49.71025986649801
48.190043778864364
47.72901351608093
48.68304626997914
49.128147740972416
49.94911302098092
50.21421795775736
50.71796290392514
50.50443887554838
51.25574433108261
50.987902261526386
50.447570887150036
50.82782728395933
50.00284508161029
49.801749129621136
48.56929850287683
49.086325223749284
48.691635433674016
47.491749447333895
48.426126157678496
49.76176237659047
49.800848074093814
49.29558898701598
47.77584703329384
47.672394699067326
45.95073149248269
45.95383004273163
46.08670128955252
46.191429331481146
47.28299107294998
47.6928869462197
47.21425636885979
47.61941229235829
47.43095049705902
46.59447163724502
46.56140680028144
47.07778018758198
48.39115857984525
49.39846841472203
48.86070593191739
47.554306248279644
45.748532756553345
45.84293691348247
46.07143116764105
46.882199504311004
47.52495765374483
46.836471205038244
45.75585310053279
45.471001499373926
46.193743299401426
47.24448727647941
46.98840028249953
47.26962845538315
45.72278197728981
46.024149155316884
45.43376413378316
45.72756292441479
44.994774156971935
44.35881941863166
43.147496746454465
43.439858918745074
44.850875975987236
46.35790261224305
46.44460857769767
46.5020911308804
46.52933726266134
47.12830498757274
47.616575718888484
47.432084334931346
46.87372709947319
48.204467459450775
48.5084359164159
48.34931753012905
47.46348771118699
46.53861476346609
46.07470002451086
46.980041745974525
46.52679747939752
46.04493410483877
46.45206311116326
47.012233593214184
46.467385934096114
46.265873915439975
46.80423142292254
47.78944677281989
47.92094928468367
47.651168915231935
48.78453999526836
47.98376557448205
46.913954605795325
47.4395562764266
46.65764140123669
45.83106183227329
45.92293939879116
45.27802216702821
46.66259714694782
47.89409569136541
45.94162056161842
45.674878097707364
46.29233046181777
46.19222336472194
45.21998380309458
44.922894184955986
46.077999150057416
46.19337749280453
46.259933056150494
46.55018400109543
47.14036010692499
46.97317503558956
46.316909446563585
46.13445990693237
47.357618571954305
47.756620062308244
46.797607522004206
46.31949245760981
48.04108874363659
47.9968598530587
45.94424029883945
45.6324657084821
46.6173845105788
47.977724889057555
48.361010057580316
48.23057868791843
47.7571262421094
47.51502338754722
48.45963736932572
47.77961882980411
48.10035453614046
48.01263392477062
46.77176356196566
46.15720665822153
45.874779301896275
45.627930070160225
45.147217532244404
44.96941142439513
45.88344058172385
46.333279620291314
46.372155103047035
46.098627730669484
45.580220545085126
45.42051709807516
45.373939342367514
44.24170919726418
45.618660436867174
47.57310605877219
47.87767883513324
48.65120451465815
48.937167993694636
48.111057441544496
48.43970933459794
47.64874232266811
46.480270506544215
46.55121344146748
47.51995400761865
48.42006309371109
48.295679393653295
46.49160246641226
46.96094605016553
47.91330782572029
47.437743176200705
47.39377880398605
47.39802565454488
48.27810751394607
48.47560498409482
48.649666941830205
47.73447248597363
46.63772654175388
45.74076647042973
43.891786488279386
44.83812287411639
46.39726229433038
47.38989061155666
47.49917522413397
47.976604916364934
47.85506171392221
48.160330962310525
47.19838432970828
47.63154872187538
46.14627327411917
45.55391736169933
45.58781093684043
45.960428743407725
47.40011573453426
48.66590646776922
48.30341232714076
48.660123786611116
48.63931435891193
47.967671040574686
47.151083085884395
47.809714838968944
47.79733951392259
47.54993907177809
48.597050756664345
49.823121944994234
50.121263182091724
49.780964497929475
49.23108116860713
48.99265829257222
49.40373615487419
50.13258711815575
50.5077434772571
50.338381197833954
50.167519454670696
50.92697886681072
50.92817152834636
50.67312649103953
50.57120203456084
50.34533261720754
48.68085217603518
48.383936752991055
48.23544692165368
48.30152298434789
47.193175703008315
46.57694457721177
46.83045326171791
47.54795260543591
48.80642187306327
49.58606626331139
50.93245702057001
50.72748497574
50.15546518538089
49.82544808257941
49.372975655126815
49.15386215469399
49.27437202406336
48.92159006986073
49.9141122660688
49.488564188252795
50.10688200816882
49.99987180664807
49.05334030336302
49.107122643980205
49.538581764657344
48.942926492864856
49.92589357294823
49.76002829761461
50.13838706759609
50.40737366171682
49.189219439314996
48.8668157812536
49.04845285814285
48.510417830920744
48.51330414842709
49.09172502334263
49.14933068611263
47.73682688212543
46.977209090963704
48.49960461856291
48.35034515947032
48.44001873472295
48.376563828647626
47.630859815074096
47.83435386703926
49.42805726536105
50.02783616611592
49.95135239723348
49.834320476461116
50.29551485935797
50.941123926244785
51.54740727747004
50.27263563823662
49.51602225567315
49.83633180237758
49.68286184512074
49.65449833589879
48.923290967672024
49.39163390480428
48.45708813131154
49.127809891312
48.94492253541077
49.682292155591846
47.409554407207686
47.41258458304179
46.97966321748195
46.59125626166775
47.80672690272627
49.052950977696526
49.36152516544126
49.775725775075365
48.31694453799537
47.389425604674074
47.6251156477668
47.355927130695136
47.972029345493965
47.611122943004624
47.1482183529197
47.89548252671857
49.081759328088715
48.32246001309436
49.18637684951788
49.470539382325306
48.31172073104622
49.73702082092068
49.253791820496374
49.11500971962148
47.70847232810214
46.98775128979069
48.10803313719451
48.63232136834247
49.7738747300614
49.19373868619208
47.570858809102596
47.378144789161816
47.68599986039477
47.31775388299816
47.65406628758851
47.711076083844546
47.50293761732616
47.02591370988014
47.40330749058819
49.07640907176134
49.92921400526501
48.254322114060066
47.89019237043814
48.10059709053479
47.939473646556664
47.81189646144631
47.68786866572555
48.33315338226149
48.52508758904618
47.671043291658364
47.664583636980296
47.34646095596331
48.15141832424834
48.22183929243659
46.913604434671015
47.55690509241046
47.46574977136835
48.64649184165976
49.14168243282802
50.21927746603815
49.927517698154865
50.52740671824784
50.474092341293314
51.099552614588504
52.72388943317748
52.37141887344198
52.97084019294495
51.49345388065873
51.74069663597685
51.37093787457269
51.86488518781343
51.45034168355682
50.62688360542411
50.79267258001784
51.68265248549973
52.63227316678759
51.680805705479024
52.74421409807178
53.56350090129334
52.74818764977785
52.61580216873305
52.302491900354696
52.064724120118974
52.47048578014721
51.213534042485925
51.29472857738549
50.217847545707045
50.292081262471285
50.17463166681831
48.51104515529725
47.53671127930218
48.74544240901455
48.52396420408326
48.21732873314707
49.09622312004309
49.54527354795491
49.699286600983434
50.23255711172616
50.266157819769646
50.19442044887736
50.25016732567954
50.97170827526829
50.73597034544487
50.75487682450016
50.72097580150612
50.51558474508468
50.29215901422568
49.31957558991519
50.93326819793195
50.93525565627489
51.21082370894126
51.2299721030882
51.41252681944068
51.32602811940081
50.91737561233289
50.44201409208825
50.11305916232901
50.00843384782952
49.99225366612232
50.681571902152776
50.89758606914711
50.733904355515996
51.11641237601871
51.58513018566493
52.42248147760714
51.7998667981929
51.95005220755046
51.70374901180041
51.24101702836092
50.00218905584373
50.16665511948519
51.39730366284005
52.467676045024064
53.27721867226969
53.52958623285149
53.40504740192342
51.64144330464355
51.965122567257644
51.65020677920142
50.71927205205173
50.700431294535434
51.112999110542745
51.806789435811694
52.7156707186326
52.72193766069924
52.30978396175719
52.017970238974385
51.26492700203876
50.84947060330484
51.42598666719544
51.81217894798348
53.279734775329516
50.87712493338652
51.08747597096727
52.644132670446794
52.07069133762045
51.262101463110085
50.059869031082236
50.93085865969921
50.96510496658451
49.92874303760968
50.51540239200092
50.03574754270212
49.24950032712773
50.02763447821971
49.48026263411668
50.94314767689832
51.224705752415815
51.73890380456959
53.04490570859806
53.623723367660844
52.04731092016648
50.77220974796284
50.448477422622105
50.396528752595145
50.504078280066686
50.487223804551476
49.52579522716798
50.414501940024344
50.210389929826654
48.797640028851504
49.82872747451268
50.32561993561575
51.06000470731229
50.944262379010425
51.547169701562154
51.705582233136354
51.39379627418317
51.376672900713594
50.647055085874115
51.13400487468957
50.832022674231276
49.892679233523396
48.58145741646814
48.856295712099495
49.30673093434947
49.38526327599679
49.56189147685379
49.935855581141574
50.65829355701307
50.22764526642708
50.4103922671183
49.587544055863354
49.83133078423732
50.54891740485787
51.418549493681745
49.87117857234172
48.93854480616725
48.31648031855498
48.53067328342662
48.98110000042493
49.04849631368598
48.49342157967184
48.40500637498583
49.11340298695498
48.871036526134894
50.16869874025645
50.39060999513418
50.277870331196844
50.1013102434323
50.29969517200053
49.59569146630756
49.45200519213264
49.26387891171893
49.546826953389235
48.288266962896074
47.519246837716615
47.99789962190017
47.96651924101326
47.32491254437168
47.072762349158175
47.16104572903484
48.324734775652615
47.325249331936064
46.2185535549288
46.263736641534955
47.04398507541314
45.98532976195633
48.012816693769835
48.36369113615831
48.321142237143256
46.870545955587794
47.02987869733462
46.31677234464428
47.529088003383734
49.29329201632572
48.62164393405328
48.899081557456036
49.625108206475026
49.726962879879636
49.115837799737385
48.15589502171207
46.4723277388431
46.2125904541428
46.98672981368109
46.946657601894884
46.42310119683438
48.15845379899882
48.483099761435945
48.70474785719346
49.06301013815322
47.56694311926038
47.00993139375624
46.80653939193818
47.35979044393016
47.225518436006766
48.15911363632114
48.99189122817767
49.38423979116999
48.73638521026995
48.49426778215414
48.86729457502627
49.94302224612952
50.5232841897627
49.57835144905102
50.13264911492722
49.91663574330304
48.31152443933085
49.03989351411029
50.63971119410378
50.55322144134171
49.43341025586064
49.59206505031902
49.3180988742634
49.125832491622276
47.99744833680878
48.26376387385488
48.779785474193055
49.571046562273835
50.27080137766144
50.91117627270124
51.17880634878448
51.94288637230199
49.9158713307495
48.51977635690308
49.46037663437672
50.05228275068792
50.77699046091726
51.573351400420464
49.11509946300995
47.55776113881197
47.54990374549175
47.02144970273158
47.0101015472319
47.4370568864106
47.540767741302126
47.18145496710406
46.69361664872585
47.01123695229439
48.05165750220019
48.34933557244039
49.836853954527925
50.29023087203581
50.520620306137424
50.06745219717171
49.71223278283499
49.075149809780505
49.08975163332698
48.40940966534059
47.891612721215964
48.006224569515496
49.51767572784459
50.676343997989775
49.15225501395208
49.15466716859801
48.24165283267907
48.9012251899447
48.464214252537204
48.24972902295481
48.571063647928106
48.62827153764678
49.83463408900762
50.987146580535395
49.72966947357488
49.743245894822785
49.88072490425814
50.16904130907672
50.850141337837336
49.98668189354336
50.552132367960546
49.97179206528694
49.918046479367604
50.235692236465
51.31516260921177
50.075187158181684
48.5949226342238
48.70347247607973
49.66337858070697
49.29668780231997
49.08003262759345
49.79764264811028
49.12277004495937
49.572402002296016
48.275660567301756
48.90738490755151
49.18804994055965
50.35380619562278
49.55578086938408
48.56062408509693
48.00166071171185
48.350535146117146
49.22774509856525
50.838532747750236
51.756367101455034
51.166278232962185
49.638041773423794
47.80995532870033
47.63033906776571
47.30429474562124
46.36176572835246
45.7003543644798
46.161265996914274
47.1241310916644
48.760841382254235
>run400_1
10.21616482731774
10.948863687031174
11.269356889283348
10.69414768388583
11.288440124041486
11.263044114916314
11.387774033489245
13.153328397183724
13.079766957319697
14.649052297063397
15.835704917364854
17.08170828444746
17.107388079821565
18.652710900959594
18.97709673390584
19.551676087800143
20.80585092527966
22.21805904945902
23.2686067540075
22.426515143773795
24.223892667075017
25.841235669052214
26.408513976952097
28.129543053896583
29.938294145882786
29.644035100127688
30.502124548311816
30.62276747508669
30.443158881452387
30.495475675770628
30.641084253562656
29.94272558698694
30.591227422600703
31.489244489546056
31.66364484985134
32.16600387254791
30.570953841364563
28.877744328374913
29.991929413807174
30.478644513130444
31.406855370664747
31.70355402378026
31.24665390721569
32.08032877278666
32.65760105761072
30.473125454647803
30.351701670798356
31.709055318157507
32.065532752858076
31.94547555016287
32.358995115283555
33.46746316631172
35.44498335481631
35.78198000646313
35.00957122663984
34.69839171082344
35.08806334454069
35.41329227683223
34.71349757316256
34.918524228058196
35.00909549315752
35.32253014064166
35.96612463269364
36.168957424210575
35.993637074263
35.41372458813803
35.62279246103151
35.076059072083105
34.41318012831408
33.604673935646105
34.65658297685736
35.146659034356766
35.695328816488995
36.93268524902447
37.02891823664964
36.96220673698318
37.376489719072424
37.24294987973615
36.285156680496506
35.14134645849648
36.088344334899524
37.891534871895246
38.8733506024791
38.03778154062505
37.94303766421035
37.83656555243752
39.00991994794863
39.549229802113565
40.128535723055755
40.479811383881106
40.47850716082768
41.087750912295995
40.95099931659993
39.64668984500313
39.52801070457611
39.55411515895797
41.73766598897515
42.90468625296414
42.061751371575106
42.69755378473157
42.29593648395538
43.56718836619491
43.192801332514165
42.63521395785343
43.02975476091371
44.403100996011545
44.71955018288461
43.4400082364227
42.3919767241055
42.300035627528636
43.10299083705668
42.59795211970314
42.4287817815637
43.04570081809702
44.702176617936246
44.189576987901056
44.05472387087404
44.00319380602917
44.65650705415955
45.09695138699632
44.93604087193794
43.63573626012276
43.43585516257602
44.419418407240016
44.49501914499119
44.316351228540206
45.029188110114234
44.5832098947381
44.985806337832564
44.57500781621932
44.00358091997014
43.52844211390479
43.331789965562095
42.58655918547804
43.792519713114054
43.83634357886392
44.144602020504045
44.72089466895535
45.05269620787337
46.106038939693406
46.73856347858382
46.97242043833159
47.128993072891014
48.14318807512624
48.6132442620307
47.898127393679054
46.90561841099411
45.7436573607353
44.698597051849084
44.18383419844605
46.19963940030648
46.59643011924909
46.25301046677128
46.0219878848988
46.13884093575905
45.053164213703155
45.32012645109032
46.27945379360671
45.509421988508194
46.42585002670226
46.01784153899706
46.90230940956812
47.28402594754363
48.391174839767814
46.85142172765685
46.40694578099541
45.889887339018834
45.041003808464396
44.74543310806971
45.77668973873382
45.78569623568246
45.01043435972398
45.437107365163136
46.37277709296369
45.890602502543665
46.52394701777164
46.20981728103519
45.19770152815192
44.197826502995724
45.832465359688136
44.98958513405246
45.45972691091755
45.7169065378798
45.72798416366412
46.75960763634905
46.37764559137041
47.42953556901274
47.278261126501235
46.7790961648471
47.9836229638797
47.270867190243834
47.15462213007156
47.426096563865585
47.43326069482727
46.44067657443459
45.902627267769795
46.87818163251168
46.1318119811853
46.08575438839663
45.525865751158264
46.22380379838374
47.35069831521517
48.12425875195522
48.505547443602644
48.92401070611227
48.523936596639466
46.87504154892666
47.061430769229624
46.584449673839146
47.07669938965975
47.748149644583364
47.993321645356076
47.70939464971681
46.882553442370714
46.1031062048872
45.78940215227898
45.70439789396617
45.0896022074703
43.76797739571328
43.37151452926315
45.33432401327004
45.009822517807976
44.62907559712265
43.55120949402242
44.051812585152845
44.317502331800846
45.2443361786825
46.280998330499635
47.02054972564163
47.44444578360402
45.891171021521465
46.67371182000173
46.300188689464875
46.72346429581098
46.75498747786286
47.357184183363394
47.82342532662286
48.06489181908775
47.76735750518137
47.881725772160166
47.50555198646964
48.355479766111
49.768623964070905
49.65635787326888
49.46436432992859
49.43312283413839
49.50955500624644
48.71779820372911
48.80746546051738
49.001551441735934
48.27368977593021
47.668812514646426
47.196446341236744
47.62894375252834
48.71769611788611
47.49478838747485
47.28873060692807
48.427411590266075
49.13990214655565
49.19092694551805
49.725477678451846
50.424149715586665
50.95655812595138
49.82251355001405
50.152120212050164
48.69358738072132
50.039632384103705
50.50371860996119
50.519290880080725
51.08417555858496
49.942913184648134
49.55890060334216
50.183911847444136
50.55394002682638
50.30301628353883
49.85335139837111
50.669336730936685
50.63270019852437
51.60742640712401
51.85099756450839
51.71199586910315
51.11974430074775
51.87065855748717
51.89252358541348
51.677754887317334
51.204529348969125
51.27383708057871
51.71906233293029
51.68296521026257
52.38698682188386
52.823965915503486
52.90661198085061
53.10121835277936
53.957719026289446
54.202448264113805
53.43063945862634
53.35339120088166
53.588095283102135
53.809090357736174
54.17301361530195
53.470057548016804
54.03369956972502
54.57678526254158
54.70431931247837
53.70295119080992
53.674593984624494
53.97395580681439
54.312219897228786
53.05685430865015
52.60502282619335
53.12824991214398
52.083716095239794
51.69504098685963
50.8259155923529
52.676418271294665
51.957113051557435
51.24297802316786
52.00444714335842
51.916953498454625
52.87890934514328
53.107686533785376
52.69288787447245
52.769265759958635
53.00461955404153
53.93414344615027
53.89073043107387
54.53744175251952
55.26899483992116
54.7363675830392
53.27632165823999
53.374729924605965
54.12887670503058
53.784083965003944
53.83563324597564
53.57691086691102
53.59898200372431
52.388985565872964
52.422405716013245
52.977919538176835
53.08068796819283
54.09669835765891
54.15722265360173
53.14966933649313
53.39525231228626
53.59115409405076
54.437241246658246
54.568368461602034
53.234179337191236
52.8497155817852
51.99960310096054
51.26460105869059
50.601534871611975
52.760576879405185
53.94470656294538
53.28385926971859
53.412640980803104
53.5603736941857
54.55894688491745
53.79109713990154
52.84470055508821
52.19910820320229
51.805679750392656
52.01732180524382
52.780598160415956
52.17500008733091
52.07175238318554
52.324684414432866
52.91363252356558
53.56626311374001
53.310953522390804
53.20787443262511
52.1078646642381
51.132055904101826
51.16138178535756
52.059608956434325
52.24542950055529
52.94618836552337
51.79556249404683
51.74765890777004
51.21572267979757
51.52581614420835
51.133142647548084
51.80291232125955
53.536767649275426
53.658917051422875
53.73115625535897
53.58369653255451
53.32493874807073
53.18181351349276
53.490260737966985
51.832223133131336
51.689766023303505
51.14447688186058
50.4601421557581
53.245195757401234
52.80741040695131
52.09396556773639
52.29707636338733
52.719743687795464
53.84753081354186
53.455558041785906
52.88461805368028
52.56191961362369
52.22336107463455
54.07981255481819
52.15527392697763
52.0004406380806
52.520434897230324
50.921279288252954
50.790190691816065
52.88775848082189
52.75649793445563
52.534811267189866
53.12023661576243
52.957111076205095
54.114054150714445
53.82138597413046
53.052370542793
52.2807621713406
52.42900054072852
52.716251625160815
53.675162409522336
55.56163715719194
54.535088375192366
54.58738372602184
54.32173958003783
53.36102157447182
54.728603753590164
53.21988125494239
54.38065470463952
54.4349898604571
54.063340900674895
54.28067176059673
53.765468939622
54.074670730697264
54.41646305136094
53.451088097569894
54.36694459422205
54.56445804235983
53.780254000577045
53.64998066359428
53.36246238493947
53.45596021534622
53.110495181324765
53.532721844108714
53.62335915834333
53.023645670295814
54.629113955026426
55.773634584265736
56.16497513162426
56.16089333409976
55.89619181193641
55.56094556336456
55.831387750921174
54.893296552524816
55.20273740798054
55.63925198536058
56.313094161327164
55.72559583779416
55.925819920308825
54.509303140027484
55.10426345045304
55.301967181856824
55.99152454947019
56.68168123396174
57.67325376803752
57.2038407219002
56.6789370741961
55.90780046326017
56.217973346300205
56.824655902073275
57.098362405691766
56.63993039257106
56.24839877546101
55.622162792468494
55.14116941005826
55.00699010067965
56.00627425625286
57.2639552273097
57.22302044252434
56.42489416768186
56.40981443578571
56.7170023337104
57.286922624908826
56.39149157200173
56.28433965391415
57.06647208881613
56.95101379058079
57.271231939020076
58.02474325409991
58.23572579712019
59.21113311995159
58.47658256523712
57.858378678633436
57.604168955521246
56.08286608949048
54.81761380823343
54.93391993426906
56.50925504790273
56.554032021957006
56.27268643456995
55.969188310450555
55.06188013741869
54.3590163937842
53.614639352992356
53.98746110648757
55.178480920932294
56.92901948156516
56.04172666371141
54.5891334742959
55.02872922672393
54.082215231441225
53.09582280001964
53.17007126166659
53.69803789941578
54.470879452128095
54.750489717874025
55.292983392619774
54.8838646386264
53.766363269820694
53.485181027161815
54.78284848412904
55.490005055636445
56.162796831589944
57.169665301989475
56.650188290347344
55.94137801856882
55.87155630554326
55.00530757139183
55.441394995659934
54.64941569624568
54.03842599801129
54.449528378418556
54.83819244333976
55.32791004130273
55.72142345877511
55.829985328412455
56.105021711697006
57.84342943376677
57.56546707474797
56.66338672597106
56.41064110225059
54.89728822163856
54.17054940623269
54.14605462719549
55.39607462440553
55.65670678057469
55.20038191218825
54.45802564457996
54.099456987471264
54.24368915141045
55.27083736526311
55.805566785918025
56.9655323152371
56.724586666627474
57.06478286853494
57.52772890351815
56.56442862466247
56.56399750004521
57.22434503354037
56.931593010414254
56.93767231795809
57.322045095545015
55.88764951095044
55.3329478712115
57.202339208009235
56.3791886672723
57.381010671783095
57.60039122803071
56.907160119682494
57.308488838791106
58.42155147631185
59.420680537612206
60.098668906681056
60.05865777990839
60.80309464926289
61.091466844651826
60.12159755729648
59.78811968986305
60.02933783469617
59.96979194889075
59.29652815008841
58.94125560053743
59.167814570118274
58.78278634783005
58.94531297086022
59.38382989160838
58.316218650382375
57.75701907602599
58.37975883975365
57.5909385617969
57.644449828172924
57.45444872069697
57.976309360311106
57.162646997076045
55.94248976368422
55.481638631064996
55.931450333065406
56.10016515520573
55.83676620511602
55.33484424686478
55.984542459119325
56.37908866891716
56.130892676968166
56.69178718800759
56.03139460704508
55.505881114229275
56.18762641456104
55.1424845118525
55.99848657128822
57.01414362289088
56.60668664171242
56.93549356578159
56.186777407270306
56.361556373258416
56.26490675926182
55.934927359887105
56.13020464616429
56.722917874062645
56.04695195540245
55.953826106481586
55.244801897000066
55.23250325516246
56.533765295519466
56.21565350310765
56.73379042211502
56.97276545564301
57.93556964816281
58.28093082954015
58.828964666256994
57.49606219911748
56.575420641633876
55.8872874525239
57.2399236422199
57.32736638632231
56.94577418372598
55.71644687802775
56.779180360573136
57.28693749326661
57.323454130449534
57.150378993308976
57.57076074686537
57.09588497230332
58.38911115814617
58.08315837180446
57.78760958609087
57.382198540167664
57.53409352750325
57.773521893266015
56.88948252964247
56.58722553665949
56.90871116621335
55.65207151923193
55.07745730236594
54.43128688215321
53.93181237565382
54.18960505862255
54.98938759322139
55.44164891042145
56.11922924310523
55.31254890650998
55.77077570979205
55.53896263641099
56.008630289440184
56.239655307980705
55.993823638841846
55.89126668506014
57.28235168234164
56.78035584746599
58.0792143898984
58.93253997758497
59.05876834072751
58.4282715854737
58.43543439261037
57.70497520316365
57.69193520515006
57.512681759859284
58.54628544240927
58.6203894776385
58.63146161596259
58.730474416059145
59.63746407663001
58.510778957296196
58.24466559814565
58.257347542169796
58.96417189936377
57.454035581455216
57.36652559385642
56.516667855673106
57.454259217276054
57.48905525507837
56.53168819193919
56.896815303784145
57.57303289384605
56.9687596351981
56.7584116383499
55.93090940075546
55.62543024901511
54.79280090594092
55.17461169000389
55.61309854079165
55.002089435727164
53.44903470250246
55.278133568013985
55.99948420057793
56.322638044519884
55.7998153913822
55.85925267687474
56.39749629101103
56.645906686236884
56.10900981886947
56.21023942351716
55.94851321537415
56.98892899962166
56.971450211917826
55.658944787161396
55.91945248929452
55.51582152113892
54.95323568599138
54.82248872044105
55.759232113767794
57.28511009167768
57.871779442986444
58.99480223943786
60.02445817535495
60.75055135265982
59.68007955818876
60.06486391107772
60.96030968122087
61.58616428040094
59.32176638525966
60.97076883737997
60.13214779345654
60.23324467181785
60.00021193527372
60.47041866529066
60.284008419498576
58.73397513622286
59.1559389535817
59.43889735561614
60.91034063471325
59.91370026075314
60.36621769103407
60.597814051499654
60.242565572077844
59.302783967627846
58.752378547514894
57.00549527474778
56.149391969717264
56.627734320558325
56.98407401481771
57.1265023360007
56.211377537731565
55.75815735291307
55.55530317097779
56.51915752524325
57.381664993032075
57.6547083764034
58.61631825787345
57.953613977903295
58.7156816504526
57.83114723425285
57.98312380998704
57.99522552848958
57.753314316143864
57.66648897384268
57.92164928951497
57.61717356207467
57.95701876455482
57.85231180842047
58.45868329855187
57.63488328649006
57.62155561612772
58.62947082203064
59.02006932012588
58.84575579285589
59.72125589469316
59.98962879800255
59.2945400878676
57.96416348982813
57.73803981034722
56.266351381715175
56.09774115027847
56.314221127711185
57.71577714524882
58.85027041426598
58.73744835236916
58.769598957192315
59.217687524651616
59.19175039291949
59.84617880798747
58.945698617239906
58.66824419170047
59.600814976790645
60.025340969356556
60.091467466827865
60.8426272112208
60.26133970104857
60.01863718506919
60.76621315336093
60.12425101374563
59.39872609644882
60.51216129267367
61.04649873861068
60.60257415994882
60.23363479360297
59.821181401214055
60.08258997033347
58.69450070937174
58.119246411322976
58.223478362883775
58.99452223785485
59.185501706427516
60.1439340995904
59.650816232758736
59.27283357691773
58.95649470164389
58.76540702812884
58.449990045257785
58.40194365892818
58.15973429900077
58.45439426341738
58.164148549349704
57.86980509438971
57.82942149581115
58.82807376262605
58.7124256760993
59.106259774073514
59.11236134698603
58.68072985443092
58.95656181994251
58.26829682658737
58.0415177074711
58.23593572794434
58.0324406609006
58.77389886492693
59.05816633559721
58.95827481502131
58.578509713699674
58.389302719721194
58.8476955965331
58.29683381421509
58.8621529398308
60.16579073933696
59.86557033406719
59.917629254497136
60.04877762258944
59.22729610438126
59.468859566941425
59.237777030465864
59.039061308329416
58.862069776068815
59.873489017934375
60.94134380731821
60.80069765151596
60.090161624540414
60.65612389849283
61.19443426369722
60.68492829734729
60.87202104123095
60.843457906227016
60.22202489595592
59.568255848382954
60.49924685491526
59.506408903496045
59.640080672324906
60.03176615640418
60.180975672015045
60.33501040044564
59.93376267313127
59.6759779942688
59.84781851188548
59.72673800971648
59.28985225943505
58.30475030368854
58.51886095343626
58.362588170697656
58.54764867696072
58.075198411999565
58.25705919207993
58.31621749596586
58.357748514437496
59.36092660803807
59.34473996901837
59.72359062322451
59.13041006799648
59.777017991587435
59.75262195979342
59.13950633849381
58.5694569662297
58.79968757326725
59.51066096883839
59.4205230643813
60.77027969754729
60.88762853365707
61.226756044896064
61.58468255902865
61.60351564126874
60.43984263507319
60.858557372992195
60.34211840564752
60.29818700258622
59.40086517501295
60.40337361160908
59.9827504162284
60.31841463058059
60.364409998823135
60.93104518295668
60.56207676139951
60.2828320140822
60.092446133636784
60.25496952924851
59.61271438909704
60.640450164860276
60.809595783876524
59.32793321667138
59.545228441136736
58.67403156322223
59.034196533641484
60.28908036578169
59.5703937547537
60.65290968248405
60.17889339223058
59.20720943548512
58.53182455701158
58.59847962575851
59.55841309350818
60.691041911917836
60.99816902801397
60.52935076136429
59.96136370038185
60.139947515439395
59.33120237645673
59.100717996068326
60.46299423456496
60.76284652699951
60.28217797198389
59.05368806506552
58.579499805542795
59.44297469680883
60.24227175296516
58.930754947922686
60.80723857985556
60.78613380436836
61.10831086437744
60.531769358216216
61.73585922848974
61.77647278027098
62.3542099825985
62.177874206697176
59.922302936730105
59.15715510977626
59.959213110485535
60.06503038950342
59.75269031044573
60.82438370251782
61.703537515013046
61.49742388474227
60.14849803346589
58.685117436466996
57.99882475497447
59.492811165295905
60.48421448966706
61.638593958653544
60.93594365678414
60.969117715878376
61.13289004860906
60.833125778830016
60.00851103952676
60.82737496645558
61.44650972113579
60.34331998069416
59.86451364368014
59.53071933840249
59.51674802048103
59.05838441534624
58.40591205780118
58.884124576636204
59.54575249402736
60.13137916838712
58.83589632427235
59.55489470067788
59.84551875783447
59.45804529359913
59.23157877194534
59.01453570079465
58.94586920566429
58.11101026147726
58.59680745370631
58.793793342123834
57.756088717953716
57.48076654856784
58.484109379806405
58.414002494967775
57.694467952159826
58.75852802016602
58.43804330602774
58.86705585197092
59.87350704689625
59.76821801217389
>run500_1
10.570288839304256
11.092872137901562
11.685258503902569
12.290195732665758
12.570918952880076
13.494319643646893
15.688987799537815
17.054408572517588
19.85828182837566
21.68709753755744
23.193634680915547
25.189129175352996
27.175865110546255
28.198450139354907
29.63664168133796
31.051050998991688
31.061139188740803
31.82038565760652
31.930569198800196
30.969418567485977
32.50470990470496
33.77018807572391
36.335114377272554
37.113697509166855
36.68002973442712
36.542162768669414
37.7039542546651
38.15064763968877
37.94790071652828
38.25608181582047
37.55390668447853
37.524298108529294
37.9289985623949
39.391176571213556
39.25636535768676
39.03098884330219
39.46232003447155
39.985652710839055
40.908210370655986
39.61159360518076
40.879225906726035
42.03227743052834
42.10537223788954
41.34416252949822
41.671998648528
41.235933879338596
42.62397309068557
43.46640961043415
43.753975048039386
43.71833038154681
43.016549293758416
42.00061275329763
42.370374675516715
42.28796633772299
42.69103603090291
43.048942762329304
42.41664051540597
43.00454293202447
44.874602902598355
45.87313643940959
46.147177708368396
46.49454540090869
45.72019353647287
46.81722012144125
46.28760761861737
46.75051101397371
47.198303243555486
47.822762233340605
48.68726754693054
50.113412791857314
49.105211777362555
48.66920565461297
49.688291341739856
50.15996587238205
48.52584853890078
47.22566923885078
47.81144749539555
49.815121055375485
49.98547913140698
49.27695383646792
48.99178426067878
49.80631466266445
52.85196258225825
51.32228138095961
49.09669511669271
48.86714246191029
50.174709472031374
50.56225546900866
51.27907282580065
50.75846943801152
50.52264629710662
51.48449494175381
52.39693182176617
52.534154041006836
52.756171640933744
53.01833721875373
53.30806927017495
52.6151112621817
53.18789736607487
52.28879988784856
53.185628776686386
54.13918645309073
53.20638266763489
53.54303918051843
52.06717477311628
51.743012110380505
52.376854447933695
53.27684043041585
52.26021919861933
52.988663787319446
53.090977341288195
54.58322090273228
53.82060029857136
53.05835721740345
52.14128219118269
52.57565375637035
51.66893197228263
52.84573786984084
51.550532856925685
49.83327405688705
50.961602544457556
52.428369120215116
51.82855586410432
52.84378999651552
53.55545157737455
54.66041582264782
53.86419233484217
52.58837134967612
51.986705391141896
51.33155122326136
51.62253688799812
52.21335339390424
53.215025661894984
53.8481213000756
51.945212658920084
51.413519905684765
51.20291212312945
51.488394480256055
51.484987303776236
52.08703813585206
52.35868189182952
51.896942243012454
51.06008876765126
52.00997359235794
53.140017712683
52.17248616674276
51.14910230859397
50.485421246490034
50.27107873329154
50.74086877125941
52.24087892517431
53.01820966870893
52.706124741081005
52.16915514212059
53.16822564806831
53.342399616432594
53.26148739410011
51.62238233120967
51.092155559033756
51.71653547353113
52.515196533287664
51.11618970226049
50.69521641765827
50.751227913162765
52.68894309490822
53.73771799960755
53.85206012908383
53.84208069881218
52.73423578037826
52.70368254559068
52.74670542437571
53.434367118059164
54.06080732089304
53.77377132152378
53.258474255679204
53.05933503942274
53.896124674205744
53.88017137474025
54.16505760993123
54.824361144240065
54.02173464626262
54.190485468317156
54.70949363081957
54.34626852009235
53.86723062616012
53.168676482839054
53.58882672906162
54.6562652713342
55.56483024233407
55.69736083561882
54.63553402385112
55.68374623230409
55.94804811482477
55.49111704575789
55.809101999275896
56.08697303466325
54.27321685650513
54.26377159748668
54.21727311094147
54.23649041886244
55.06288530177056
54.47034644954439
54.07970575849046
54.613049336148904
53.54119016783611
53.109422066138684
52.94085450794482
52.30800378403137
53.16526094969056
53.29011295291809
54.048642743621336
55.668677330069094
54.629902348495804
55.19967240787934
54.99399711054401
54.01730072302959
54.984512230601155
54.87782456150526
55.07745169909194
54.065709610971254
53.70470265405856
53.92593660396436
53.94730988470991
54.32548888411739
54.30025279697614
53.90293715831016
53.694734163095305
53.62267293037863
52.88878117095271
53.714624461732754
52.54611903382467
52.72838715822305
53.61058383277596
53.99555596271661
54.19396811972347
53.777765695284195
53.97597319475238
53.41185098345422
52.92939306054289
53.34592493628319
53.02145832027416
53.54755822160994
53.743133030211595
53.87153895694829
54.619548306115206
55.39500042629731
56.25142022289874
56.71049428291279
56.316919955897596
56.14602603125087
55.601489758947935
55.99461031513674
55.674093239496955
55.47080410587371
55.523628277950195
55.75340766307386
55.44127999885659
55.886119050675134
55.36913056500248
55.88694794120282
55.754537969712075
55.38952014089078
54.4885612252561
55.54374240582207
55.10738360052809
55.416042189869
53.995842751205124
53.57442064021937
54.07143423807078
54.25025375874169
53.199249194641745
53.44882568485983
54.39561888839476
54.004230156805264
54.089964485244536
54.68824661378538
54.4526171788067
53.84182900288458
53.369488138641216
52.77850677899084
52.56887311224533
53.242700616990895
53.24840579372998
53.87774101776315
53.71455266129082
54.868927770003616
53.70492081942617
52.826891866043695
52.041617520688426
53.41178117323695
54.242954517617484
54.34538048733918
54.98099670528834
55.53849068453912
55.659787607353856
54.6186757126588
55.493376519366116
55.032247902839565
55.14838015974591
55.49692533223538
55.09172077127638
53.8993131300657
53.13718323838567
53.30745032428191
53.23045095706253
52.68256791870461
51.935670047562844
51.37748361352203
51.84318008832028
52.09833262177207
52.36782293142828
52.585713107249056
53.08621113700554
53.359414189487644
54.383163005543786
53.78579681648261
54.18466983596599
53.94140919503145
53.140445140080395
53.75134774214412
54.07110314011505
52.50579019562034
51.7002510418565
53.614014569390314
54.38871160379073
54.588747813098834
54.69818565811359
53.5195448149572
52.80947320748262
54.24248608039954
55.28159904939224
54.903630194329914
54.67561866810182
53.96497938462004
54.18948105762189
53.219053109547765
55.08529395071819
54.38849956841256
54.80755212547902
54.635208342871174
54.229362582660805
54.381156175151595
54.87181563851218
54.58623038190699
55.2289079035896
53.97655307366506
53.52321096562663
54.48708652186595
54.88564356488462
55.230426337208236
54.510906305724745
53.96000389370831
54.18139596801994
54.48338689472594
53.66964917143958
52.56620371151927
53.69662446352031
53.59736468755871
52.4151979992099
52.532929489385246
51.85973408512643
52.27079928402847
52.705120127536155
52.472924556906534
52.67934318787715
53.71794516084451
54.20924371894109
54.86147230237962
54.29462977559325
54.07518605776353
54.721592825572465
54.16842651734709
54.80157125100767
54.84019401415981
54.043982039277424
54.322020763946895
52.92515587368947
52.33715647817644
52.78850167914359
53.093744818416624
52.88870029246809
53.470680251408155
53.00849244991833
51.849711702355975
52.40035723348444
54.80068993146217
54.117819697165984
53.67368257056122
53.86527391614143
52.93189607758737
52.734566947671475
53.3143756287997
53.20929182751758
53.43374381230828
54.347857839254324
54.04980504533252
53.78174819838079
53.25509545301582
51.52650117385655
51.19189046243847
50.357487106443806
51.50361444628263
51.99302393191699
50.93264812184974
51.785049341175494
51.61385549666426
50.95177768810421
51.236775508176535
51.367964471329536
51.68838392277485
51.494780402072124
51.401095392890326
52.221446619842965
52.060461249571716
50.95704569419367
50.88514150843864
51.96723073372476
51.993382091469876
50.204366854223565
49.84899338969567
49.88881979503582
51.21943606474186
51.299126939214574
51.75453550785343
52.75124721973626
52.52807976449512
52.75899628202931
52.78988826572618
52.144394028329266
51.58349769950805
50.47120837837691
48.91550063701416
50.02213947235545
51.33329511582312
49.8659959692647
49.4053778545863
49.42074372477862
48.27736125940551
49.45641376545742
50.9708630553349
51.153771016318544
51.61379660196122
53.195211267921266
53.391432015888505
53.50054602873468
52.94127977796482
52.41374699601728
52.61748319606387
52.72165349832815
53.63816891599512
53.56789215067859
52.123385526363144
52.175277309192225
53.805957046210835
53.26557657730733
54.130338527298385
53.69711826972355
53.97631929700019
52.918321057552504
53.78592926528583
53.88311418414172
54.028992904817315
53.487843274571276
54.402278508663066
54.6276923800229
54.48075074067768
54.99338751726466
54.63487575710998
54.26945284987465
53.99791304642989
55.05805684837244
54.59946530458984
55.072116267048315
54.611294224496724
54.311690466124396
53.901235895761026
54.15919892099981
53.087210210649744
53.323971223774315
54.34428744435746
54.504452847886085
55.026688731425835
55.54488926918466
55.53149354659429
54.953177208637435
55.002243367438105
54.894184305505355
55.24766485353498
55.45301528729455
55.36353882243751
54.75640059430153
53.49406925912921
53.50188129912258
53.84508949332878
53.686661438217165
55.03273160384501
55.67674007604904
53.99592171649017
54.22048883781103
54.51695073444817
54.480488882253894
55.55459954095799
55.426658317054475
55.98053649935188
56.54383473130804
55.81361101806194
54.73371851291899
55.171573651741475
55.645298901125614
55.386397656637634
54.81994569756559
55.368981337067254
55.312727777921964
55.53440547773982
55.565145367207585
54.187774432339516
54.47023183399816
54.35005917511153
55.97436252368727
55.09048628347228
54.445399547324826
55.6459809945079
55.27758541283348
56.3758065440854
56.26758810110545
57.70666205715279
57.589754089448064
57.426415945520425
57.16040849473367
57.02168524434293
56.66384272956184
57.16031620697216
57.44041172821404
57.299685030505074
56.824860658461134
57.1789719778814
57.82853157407462
58.43338290116663
58.28525604275461
58.87394678181245
58.25753631641607
57.97017358835799
59.21511310689022
60.68821896338759
60.565933489422676
60.982597811533424
60.60090949816285
60.20216581480508
58.81754873666031
58.322834421981405
59.720827533268974
60.61183763435797
61.188341042754494
60.71104887002393
60.01925040962327
59.953813882522454
59.0885557905852
59.343746907811294
58.95144095520468
60.91326620731665
61.0623082281302
61.590105131636385
60.83961785677052
59.45556463369874
60.01412168963766
59.91907223398258
60.34365328670971
60.67642994576399
60.34094752020674
61.37762535994894
62.43480556874458
61.10230743369988
61.51552219188725
60.80492767236319
61.39727060659651
62.41791876366466
63.58655383514375
63.85030712261002
64.43493032739008
63.21244355353889
62.4264417649182
62.01899109074229
62.34050564927845
62.31577375671327
63.083444634109306
64.51206151018954
64.49174141897375
64.7647132298582
64.93165533078223
64.66763834791871
63.40401810251079
64.08498577006318
64.63824573830546
65.54810233089653
65.8093659671315
65.86714187127743
64.75222736731665
63.87690505980054
63.25620519669019
62.87304232143324
63.584970742001836
63.559155210672365
63.11238949300466
63.84822706345919
63.216965482501
62.16243516429318
62.687496640317434
63.14913627882383
64.380844623122
63.90053211241686
63.77958329038588
65.35080635016828
65.0113051681458
64.14609855522312
63.50908531445739
63.690463948480215
63.756574700563895
63.42399294964106
63.81278881621379
65.28364170884939
64.99694706367643
65.17306571350584
64.7678061833699
63.37964246363946
62.4868738729044
62.61888538792919
63.30410972680776
64.80834042959594
65.76614664865623
66.72947444076098
66.1179950539568
66.8815793122432
67.67898570923768
68.68613362646387
68.71462987433914
69.50213154723748
70.57553614373778
70.18508801110917
69.23211572319592
69.40961252619002
70.63746201684638
70.54196825979658
70.817196751045
70.22769554519449
69.55867505874946
67.72315452617188
68.78833240410916
69.76532672059207
69.03997256323706
67.92899657619915
67.03579773053914
67.43703333991945
67.08196240092825
67.60001692205005
67.78443334764096
66.85522094489068
67.53546312487377
67.09890103618832
67.18825355125473
67.88860610383075
67.56999878878503
67.99765915113042
68.8654316644766
68.42122784041523
68.21452226251189
69.09303003892947
68.85213914381252
68.64255637675069
68.14305275130356
68.50256276171928
69.30116566586928
69.84867125139833
69.78055508869421
69.05889446177271
68.69708055276618
68.27251310810544
68.05989426677908
68.57708126988992
69.10862193519084
69.30523788800065
70.24359354999127
70.43234972003167
70.79158536761882
70.89616027600482
70.82200875666378
71.34514904666797
71.47928636218676
73.08758073026684
74.24281907366533
73.66680493861324
72.63864621760317
73.21582395979766
73.93368291709582
73.68788692979928
73.09192223681758
73.01540764945518
72.32691883295696
71.64956793622653
71.57387721920192
71.5966615488936
71.62030428127186
73.80626066616719
73.81157430733889
74.9243500663671
74.74693741063716
73.91319333319919
73.25103107215608
71.20533834991409
70.2948595035342
71.83726416293052
72.50317948644145
72.7891723996382
73.02583126450665
74.33049296205581
73.8060345084553
74.84787359621497
75.06206189312891
75.42601128405694
75.01139749658778
74.40510420844687
74.01101440090643
74.65377174543501
76.12327530265995
76.24968545225784
77.50055493070872
77.35202050257602
77.65092877684785
77.52053355780355
77.60493413353299
77.71405114042375
77.72939924235067
77.0018600038159
76.59010859410786
76.60322611215709
76.17080547185297
76.2001241058271
77.35821759255167
77.9865231065383
76.88516852569934
76.48030902873491
74.88604077883993
74.85159195505004
74.25538046407799
74.48845936104793
75.89380547382991
75.83765353868439
77.12469269545467
78.61991376453926
78.10853023263554
77.10419118081249
77.28338853124114
76.52198358656644
76.60476691163957
77.06432712468465
75.72367029716762
76.09604570238925
76.07705893688238
76.79490537618143
76.84186360060086
76.69196666834998
77.1877978236404
77.82875290698071
77.355781582126
76.96951706476626
77.32231648795367
77.26460752747674
77.39644266107973
78.43578734245595
77.51134779443579
76.75565677549397
75.71931705571441
77.11606467021517
77.60867719044245
76.08686610388139
75.78328645004058
76.12220188560157
76.73044810349667
75.5628749211442
75.4470342225586
73.80190184585736
73.6581385467935
74.90290004717849
74.52358022934337
74.29018127182682
75.34858281940697
75.4119999374092
75.21207785591172
74.9793852969893
75.43093898575553
73.85075654470896
73.84820749715833
74.40901811556942
74.57456053832541
74.13644301507208
74.99361426852543
75.44410398602675
76.07261953576925
75.82446848188609
75.54862141600113
75.40510307408908
75.91471861081838
75.51706275183902
74.82795706889223
75.94476376051763
76.47576236887996
76.88918979784314
76.408275099495
76.06635693411205
75.47812916664434
76.60223264831613
77.7836050478563
78.05296741399764
75.76594114507323
74.98758876278411
74.13568827523511
73.34089961728189
73.09996532015481
72.47594342688214
72.72745161852497
74.09306830099123
73.62306679777122
75.62922524637489
76.07040002189078
75.85076134058855
76.43460020778905
74.52590173565667
73.42373958755547
74.69113635081928
74.88770399234127
73.9713797834264
75.02011758922633
75.68810590280927
75.80289404192928
75.72658816991178
76.42937127068932
75.5800462537048
73.87783588361964
73.78511371853797
74.49538864481988
73.60302129843998
74.02506772672035
74.22781177120012
74.76000970711623
74.92035740050996
75.5607647357669
76.08221604350082
76.13131082269442
75.71625936817088
74.96491286448864
74.52086344123866
74.60985411189907
75.661705771822
75.2611058920343
74.42946424827552
74.8569918903703
74.02769117127292
74.80479105246873
73.86829583407551
72.72540787626943
73.0475778847669
74.75876790119092
73.10864060544527
72.17009957237136
72.11413875694005
72.76495899580533
72.44338830152476
72.61622136952757
74.36963446373551
73.1468461531179
74.04187297988663
74.779812893309
75.21418132462702
74.52358756068637
72.58921648871923
72.55352164183893
72.28937540760276
73.36712452717198
73.96157698623088
72.77903409584329
73.61028346754478
73.43440980109193
73.40002252283543
73.33804228280165
73.65990396603077
72.34764797321783
72.88555942759184
72.50833256248352
71.99882513311606
72.99822906799002
72.51399648210666
73.05561562408403
73.20420226701349
73.39301939958534
73.37386056490452
74.19291169530865
74.4106801954226
74.00782632799297
73.77640612416563
72.16542397520786
71.41537691582742
71.76668838790246
72.11729365171756
72.16547899227172
73.76291680736874
74.61327032423515
74.58438632461365
74.22675037137812
73.51818680677155
72.90525284175402
73.33864547683471
72.22313964021443
71.84353802842273
71.93137918322125
72.60428683473641
72.56522599847206
72.32576847122225
72.70695251702129
73.66542646514787
74.19480075159784
73.38059330398319
72.68864465866102
72.33993698039711
73.65857850743696
73.15791709800493
73.01235315995379
74.46849599929969
74.71106879687309
76.57318356839853
76.47519244065803
74.7776599515786
73.86538993119686
75.206584041744
74.15885144308102
74.5167846369888
74.87033369120861
74.53440941733949
75.0707960654398
74.58214507175798
74.69041251597267
72.83047602730741
73.43157232474219
74.74860263570625
73.55093793457927
73.41766084285031
74.59662055544484
74.59081310138511
74.46899757103915
76.13736785904081
75.44808652020741
75.5442648104208
74.23415679142279
72.28049060370158
73.10309530770601
73.57944002824001
73.16525659585096
73.59744668467542
73.55138485031912
73.00786472979975
74.16667658517927
75.08391933068539
76.25404544248553
76.3778468265274
76.59744441890055
76.26839754060646
76.8977642852999
76.62308164573481
75.34267385592575
75.09773111227051
74.735714821983
74.08063651771448
75.03388660569686
74.7360531553156
75.72231769565288
75.40569318576173
75.2496668454041
75.89487886222734
77.27156413589853
78.61795339924682
78.30909110313469
78.07413834449818
77.32159046277741
76.48457763734056
76.6544059891418
76.16642922335355
75.29871088226518
74.39469535115632
73.99469169455872
73.77316428032985
73.3545120263945
74.16587333190776
73.05526244874827
73.47106941201423
73.86091006147538
73.10553117162307
73.19902100272354
74.46741750566443
73.99546268184308
73.91851479847485
73.50705017908712
74.62228633152449
