>run200_1
10.769744236296237
11.117010870562172
10.739505001316374
10.736079620395325
11.062613113277171
10.97008084626551
11.018624733337575
10.75354431137664
10.925765842860738
10.80570526770232
10.64208355081768
10.861555038040866
10.679283830827796
10.595323709735156
10.74351125247058
10.918904510594608
10.790609796809703
10.608650461550695
10.505215111000876
10.502005214855785
10.609752136424838
10.81176296518808
10.794735464574538
10.635887065009015
10.70676731901901
10.993188717571305
10.753320439865941
10.753744227399611
11.093987791364764
10.877313167541761
10.838942148694438
10.925429165281544
10.946712785928248
10.83903761989063
10.918908532348766
10.693600994616515
11.104551759800247
11.036097339062156
10.866532318822072
10.712548757176242
10.623995743207447
10.990850459025
10.85538476466542
10.72024279143374
10.572060723168955
10.733602528215261
10.931463139404391
10.83203578008857
10.789455499596414
10.704017641562931
10.959729838457845
10.714559043866753
10.656901544974266
10.81147613837727
10.61063313668858
10.715580679411072
10.747386672832672
10.821463968713077
10.705924686989189
11.26016032952078
10.739141101611544
10.945854065100958
10.925275385619852
10.702175784422653
10.925581278834239
10.85708024407442
10.492297768543388
10.588816238763375
10.225970500703609
11.042374516223209
10.885452821556624
10.67378322486094
10.985519964147572
10.349406937738467
10.906044393318481
10.756357924228148
10.695105854876175
10.857000628497266
10.699567217572708
10.81630847220209
10.874459839253511
11.015789726203415
10.872607277264235
10.682758868054362
11.066300095386497
10.716411476974331
10.69610430226647
10.84955419011672
10.584363779477956
10.786548214924514
10.796628581746072
10.793527199057252
10.85498205529368
11.01738949079653
10.881230815074648
10.870962125046093
10.840338473895883
10.832786465375074
10.833639753359732
10.694382346284268
10.533139196105699
10.816885261814162
10.681269580301022
10.762750763023334
10.819521938595477
11.01565876599004
10.86071586329067
11.056739366147335
10.85730405271772
11.221804690589321
10.86722767524843
10.883904325137983
10.662338733542413
10.853446751673422
10.654903704158274
10.690710744171566
10.916150955565211
10.684209866953601
10.666654244777801
10.744426806579154
10.819467688002058
10.830534836718746
10.779278013623266
10.866925844629215
10.658150835374963
10.894220411173258
10.632716540871895
11.03180894838172
10.842300526141548
10.895377037670356
10.869220693833645
10.938476300212304
10.575206825783837
11.082982311376593
10.72575703520837
10.847187714451714
10.927132418802277
10.773966961897038
10.73091136686935
10.925736087172433
10.788866196085227
10.976850750829486
10.952080191813758
11.077827147001654
10.726856341892312
10.78482938098356
10.706190655157819
10.89405273831045
10.655188991232988
10.799087698135214
10.819276981289228
10.510022623154994
10.853955090903526
10.82727230029769
10.727321005798899
10.937217479867314
10.674291644710895
11.00760818186259
10.666230445082935
10.830622420574338
10.830002938182487
10.787219876904855
10.773927139067961
10.890824404026091
10.834518442263478
10.729665296162729
11.002171998100723
10.817019636313528
10.984840520446241
10.610580137576735
10.913699619298944
10.947192075169689
11.080345444377379
10.91824815216906
10.939467153118802
10.605971803932366
10.69914644627853
10.907590885980548
10.767750610377325
11.034031369086113
10.947357302951152
10.778492390067003
10.806761485918736
10.898655921583883
10.89364096428507
10.66518813901885
10.85089132806012
11.059096732270403
10.886658701745953
10.92843425018622
11.10572088851802
11.077152234030695
10.832098103164293
10.85572695201696
10.824887802179461
10.719372392947198
10.776819464311036
10.683288060684424
10.84160361184312
10.802557347050021
10.99822732466106
10.808789375100153
10.995494344428058
10.714451272149146
10.822989662774965
10.757938170832121
10.68152232354334
10.8397327182789
10.572770486197964
10.644641158271744
10.75305179483856
10.687941100979128
11.026724578039262
10.607661850718017
10.769250063529965
10.65632040627778
10.74896764786318
10.972260170537988
10.977839348067858
10.768242119575536
10.779078735512886
11.053883052358167
10.803666170405474
10.684028824939244
10.740000677574917
10.689263885699983
10.774197355215648
10.838378434122058
10.737817540593438
10.832376911014784
10.648577491318763
10.766875414593308
11.019791515680355
10.791367209801027
10.77072714380292
10.922836102659474
10.809054271878175
11.0968833142385
11.008541793829819
11.000524688579427
10.714735505615124
10.747738269127739
10.900194841914416
10.786679019734224
11.047259376612255
11.011728428738872
10.80731080344939
11.00628612602118
10.908256454590715
10.758032762639182
10.993355352685263
11.017804366314692
10.646169220203676
10.901886852053881
11.131949443707244
10.957744626407825
10.939437421421776
10.901352694688478
10.954772579049436
11.23035323967999
11.016417944430238
11.023219084210611
10.982110984652316
10.537139544788165
11.034459009267927
10.840807246802443
10.912711555491452
10.528585299986672
10.689183619221211
10.708775636350037
10.791569380472342
10.712568709829732
10.669533093356112
10.88734474911254
11.038808438120734
11.229244624110152
11.009952823048614
10.777359879363697
11.02127268641263
10.819562022099625
10.922177849722297
10.676910610201361
10.987688479921426
10.670042909152851
10.838920216609006
10.790779213274154
10.742514243889211
10.865360813671716
10.871402987089443
10.97301201986428
10.817991259153294
11.03007628856351
10.89798374603023
10.85037070458242
10.803738738167457
10.91860164536996
10.990417938614076
10.914843578427586
10.908688266405099
10.991114232498537
10.851385503807004
10.566015933833766
10.9978395845729
10.80972928535259
11.007615010883589
10.884319475118085
11.031725095395778
10.693573159432205
10.628981566931655
10.960539250977739
10.960151920826357
10.90467684349813
10.874722213800583
11.169700592801645
10.853097572010372
10.80615690738568
10.997510765731832
10.867704907428056
10.588258346341394
11.264601834989005
10.655445255637973
10.80052174976935
10.78137745030872
10.741876376032078
10.533070339147072
10.591509129238277
10.60624730545054
10.953480291083826
10.73222441170149
10.751433147754879
10.74025829272161
11.046547046508868
10.64603806648364
10.716627609120074
10.7429081017357
10.876893144889843
10.777840936176759
10.766029423259884
10.938926453181432
10.996877382612922
10.782526716000701
10.86191593734232
10.750850617791386
10.979510229978004
11.068397140129813
10.929536497317953
10.662675715234569
10.67895555025852
10.902599514337684
10.49203396933498
10.86235769023199
10.747604783527013
10.81321009256579
10.949891620172593
10.725031470769713
10.59524884316283
10.654804547365927
10.962024303360092
11.023931505081112
10.791775248608982
10.769230473952636
10.728430306829333
10.628363649126392
10.785827702659747
10.808535968718088
10.7241030615803
10.733403526669678
10.753024619190885
10.80887661634268
10.787778726312625
10.899851874606856
10.678302173150456
10.757294055480275
10.721153924342415
10.67469478678464
10.841256578045684
10.539042856211744
10.894731824243271
10.626291446281206
10.78930569540052
10.574011575617066
10.915859052340585
10.762096899711324
10.962622920750048
10.745694044331728
11.060379919542596
10.878205317135967
10.808555144183398
10.837211168460856
10.768899774220287
10.779518508366044
10.89399317047125
10.664157356847882
10.722980962880685
10.664097802938285
11.030272740533801
10.823043209758039
10.962918294046755
10.704044410673351
10.832465190387682
10.630871129267799
10.772521192069114
11.003783602028781
10.859407361164932
10.666394355627899
10.692100033650554
10.753108201867109
10.822179409376426
10.799666476958677
10.997950668652539
10.831145695592806
11.010543862441015
10.761838135707112
10.902283879766049
10.902003297937906
10.758303502152124
10.933321882997346
10.72741713669871
10.751303008664923
10.972253851322005
10.965870238320043
10.713752523296327
10.639899840429264
10.940698733446558
10.73909672354044
10.839944632450587
10.832605378848536
10.803464866648245
10.771231962072617
10.749547935461404
10.921753326645732
10.988656978931187
10.919921380024363
10.743794267836044
10.816152434676447
10.735358373318032
10.779186817775374
10.927737968930648
10.521296111814443
10.651103623129108
10.9801089965238
10.923106453177976
10.732281435578823
10.571030743374545
10.795646548660981
10.738889949266378
10.740273348854231
10.756306393770618
10.87117022433907
10.864783346954686
10.806412645055168
10.733127466953103
10.630851255506258
10.863004042274493
10.96605674707249
10.940895545024821
10.738963554822828
10.739149701017615
10.580314474051843
11.007899883655641
10.660361757833355
10.772712030788137
11.089751189557338
10.627266313199547
10.852017130114621
10.891530045954152
11.005583713590251
10.714816014362233
10.941704995149866
10.80458977035704
10.673518162092563
10.83447012282727
10.830634052514048
10.741968441867478
10.557915012690772
10.657101390795754
10.683611313046242
10.837235032803733
10.712416825378817
10.764915106350355
10.72993013606797
10.541993578089576
10.939382641286059
10.76102232430185
10.97199465232268
10.783371947307808
10.800935472930998
10.867424082299214
10.670471377290138
10.755465434765474
10.754855762217629
11.081144005683395
10.688362103041296
10.896516676617178
10.540522275356938
10.807291429175839
10.58940661915725
10.943236061369275
10.778988537536804
10.697731653691182
10.792746772727087
10.589669993345012
11.085691246610189
10.74649383751206
10.661778253009633
10.816221913992571
10.630729474384589
10.752497378388393
10.771149637741429
10.939986021996683
10.690963545443099
10.693296000424594
10.440752805673206
10.89717033317108
10.513341690933862
10.822337200577204
10.930096967068488
10.712815287712534
10.602757608856994
10.576081495357341
10.761306732368483
10.801857792495952
10.765501119917676
10.98113795529948
10.613633249351102
10.93858827445023
10.698949278633176
10.866214084694866
10.912633366153798
10.519809632568261
10.804484304764891
10.728102854558989
10.668616278284295
10.788359516616685
11.006688179015391
10.83565455998876
10.767232142377424
10.883134010123017
10.93248492189087
10.794428387800782
10.820343253798002
11.099210967995944
10.808923611597914
10.975614262914384
10.676485847507019
10.903778508924184
10.612309995785822
10.837098083678715
10.538322056766482
10.673873325788701
10.483994910760261
10.58867987903127
11.008059282025334
11.046761261879327
10.572637027110325
10.59736917575642
10.500560213808217
10.894430017607592
11.016054018229225
10.832417155254019
10.826651224771012
10.99423516511098
10.838854501186043
10.782583444187795
10.634996111386906
10.860031657050573
10.62960614786849
10.791361829957777
10.621650870373
10.477451612552873
10.760259459905075
10.854584891971038
10.824235085226968
11.07495232343951
10.958178431911906
10.791974354049309
10.467994989664964
10.90108302309991
10.882608673205496
11.032365201799523
10.652984297498074
10.885410528657273
10.900015156937641
10.824827396917899
10.581157841844732
11.001523239796361
10.659488968468862
10.806128355490328
10.592941543204516
10.778498434608892
11.121655178807206
11.018662871708639
11.12942150356612
11.003033734544909
11.05007977539211
11.053786462096566
10.833299985062816
10.726271456382468
10.919078901343122
10.922406149518148
10.80167769033972
10.673995977463669
10.860946377648794
10.718636822193917
10.946614496399153
10.862397436116353
10.764078009060164
10.629173634340102
10.833235597467068
10.792636008869385
10.950656768452989
10.847662926107517
10.995004353319693
10.766564468698101
10.906653828443206
10.939192996461609
10.828404363305632
10.894177671954424
10.963923810905678
10.724067559614973
11.056908038405426
10.869439049222196
10.97231367200195
10.70150726112909
10.788138214761172
11.153489919341697
10.679200410908713
10.69058128893412
10.943312470936812
10.941131289294598
10.622082339308012
10.621425983916263
10.86555624359454
10.664512943248324
11.002505413347018
10.954557607664656
10.843080581590243
10.92575807786326
10.818327461510991
10.94476459197167
10.813658469919957
10.783549089929535
10.797981015204146
10.642753719943656
10.79237877852696
10.672247133687877
11.030349361692975
10.851182112586716
10.941351877682404
10.873293503793825
10.53335202722203
10.735661158147638
10.646919223125556
10.756627646111523
10.822855130820901
11.01548571413138
10.537579901701946
10.857703328008352
10.80746568948668
10.880362804851881
10.674838680781512
10.791557916888836
10.73364403144042
10.82224013292722
10.820981816542133
10.887518763645408
10.893983210449925
10.759848064626192
10.678738259790386
10.820934199989145
10.969507078747496
10.755436334441772
10.744901142502346
10.861718701525406
10.729176911256454
10.767149481495638
10.693668634903498
10.689321194746048
10.877860392750357
10.665615600523966
10.876639758836552
10.753372904579452
10.64943264704767
10.83604474063401
10.553559814806478
10.534169128554183
10.830849129679402
10.764474024864812
10.870003284219578
10.613654492543622
10.61355192762207
10.663478365489942
11.003483747459795
10.692018645261705
10.679483578263495
10.592220807161556
10.839360977507997
10.698380272734578
10.733399410702834
10.702337857292367
10.675779050455656
10.865790356669747
10.914429468346611
10.712791248422896
10.637421597131155
10.766857771621144
10.80965708830285
10.81819378493394
10.83585568539618
10.6565032998986
10.469325801968212
10.88483619926531
10.716130927587939
10.771347410069357
10.999720640196415
10.795107984568673
10.74526712655293
10.803731113312264
10.972647678921513
10.509257922471907
10.930601431941964
10.91924733879503
10.680480893564013
10.612722457719512
10.878768995198326
10.760078545017711
10.764375528215249
10.578370680675556
10.947092060449595
10.797469310786692
10.854841364225999
10.677692990509586
10.824626942359737
10.742644131278597
10.653203451403213
10.609319372768148
10.931260951774167
10.870982058985264
10.763986096127717
10.70455525846813
10.68550327342849
10.80784456425203
10.936062275564014
10.914412234347948
10.864744632304536
10.613360114469785
10.815773879611154
11.12433409075002
10.911165348240013
10.894530899810789
10.952642799381595
10.8757253356876
10.671767641506088
10.73642872280908
10.862446249383359
11.025854951386062
10.980469724394515
10.964436490903275
11.238314527302725
11.003584081187205
10.81263259464908
10.775418621249953
10.61465756304937
10.792382509344334
10.746436512390707
10.56273621504309
10.79244889913399
10.795147631982726
10.618216750930335
10.741465894400692
10.836513316905307
10.780494570010902
10.698889519550514
10.892180689755058
10.871258440944818
10.512526038370417
10.7837163064072
10.730313554907516
10.591747849805246
10.74790402706919
10.465492255747874
10.770392516627368
10.650500001376043
10.911137464065401
10.441960705828555
10.88513109006262
10.848721895781098
10.704292917951697
10.777471286112544
10.667251909954873
10.846373703803282
10.878102191534138
10.613198751884783
10.545459190779457
10.802332198064263
10.856865687797477
10.953187289464623
10.7434936513969
10.716555347187866
10.746745401908509
10.513212673825175
10.617522119171593
10.882908037667892
10.8555962460492
10.379690011985847
10.915430176425701
10.862103336228488
10.568204243645772
10.61806280302378
10.964468782298228
10.78976334623393
10.651101930409341
10.8348174217246
10.651121593213224
10.578135936606477
10.695672905618641
10.656705774413378
10.841447810358524
10.788401089683472
10.981314219137602
10.85098905412704
10.936676919607761
11.111764890052237
10.991776327788228
10.673365197122195
10.764453643720282
10.804007927867227
10.91360231180683
10.616860836550764
10.666160656055226
10.818389503563155
10.792748522013856
10.873439948525483
10.616812818492898
10.8389559599829
10.928958123838527
10.567568766433203
10.810928022285804
10.714282320726758
10.686296847949894
10.788583514857592
10.93797610532639
10.833288787362786
10.688566587849955
10.735459823643067
10.502299245054246
10.612638385651223
10.635501157114692
10.666640202410823
10.826538613466303
10.94247671834736
10.70304032818937
10.706098897337156
10.649778183291923
10.91595672544274
10.808757455262077
10.63369467263533
10.712990374957515
10.633998150925047
10.653753159528492
11.007491683867054
10.703708364070403
10.59022392530904
10.678188164465999
10.921726398564065
10.796180890517846
10.921791774223312
10.916046339813706
11.09446977895065
10.809535158478287
11.185019059733243
10.97369647701411
11.017540984441448
11.184283874518076
10.933316772055118
10.892753531480219
11.030343036936236
10.69824186122294
10.843445356419117
10.701165883231791
10.943599513399738
10.755394688357566
10.785058630747482
10.92327349196832
11.002711850076992
10.845195321060276
10.626330693672582
10.844806039932815
10.73160850097016
10.501011936709705
10.678343637144934
10.727714838965973
11.002117039806958
10.975858068023943
11.01300048050893
10.92653317075354
10.805878291639448
11.127214848354866
10.762802250882539
10.71751519065804
11.001395185501144
10.94663448631638
10.98672674944948
10.873229664318162
10.823052083941622
10.663750008195787
10.740319514045314
10.827088986361847
10.368008893866831
10.819925225087964
10.8663800119638
10.854594758552668
10.61705224674192
10.84659259746656
10.876308659031247
10.915196618656436
10.539303165382464
10.84577039625089
10.85048917487717
10.762864124408049
10.85391134349583
10.729615329528798
10.956475811040802
10.68810702278051
10.642424690113492
10.811003252761596
10.860057814127186
10.51909575167472
10.789755106209121
10.772761177551832
10.646507191591558
10.658855365881772
10.749859142774534
10.93605421794058
10.76822882217572
10.676455909091096
10.876978819255525
10.361970968220772
10.681236151404045
10.598779551147281
10.761623665120128
10.797677207888325
10.634026733579255
10.888998000014567
10.762642222054563
10.773921367939801
10.776845989822274
10.852474675193287
10.913955499002464
10.825864841066915
10.71040294356176
10.706144127183846
10.795198818127268
10.579222395563392
10.96728847356132
10.77184676920256
10.797938823311254
10.57689859689804
10.733038482898591
10.943578904944472
10.87303221857029
10.93669802759783
10.813585746445368
10.776687224134772
10.916204208704267
10.529265948463452
10.788406061119609
10.577992156504916
10.518979154032696
10.816927406053837
10.75714353457554
10.82818020866327
10.83310892089536
10.80923111204952
10.778623902271821
10.842696356354942
10.849656829970126
10.717101683237075
10.695946894089857
10.648402742406045
10.503169507627401
10.814827123454481
10.616714600672987
10.87779987739215
10.750225118617728
10.957146313344573
10.620277429935204
10.77824050456243
10.589424698953042
10.761405569369416
10.808500156781086
10.455553870488444
10.571209298993049
10.494272308794713
10.661155559866039
10.547635173455905
10.593857053726708
10.844377408630066
10.768378445019785
10.686127572890998
>run300_1
10.853282659513948
10.62757995100482
10.933222975477655
10.974218604516832
11.030619373225026
11.067766722082297
10.847948052707263
10.993590453309025
11.076033042063381
10.916845193440292
10.993441551123444
10.78000664573471
10.603686074830199
10.991463631958501
10.989114768897377
10.923945386369924
10.69385933980719
10.757152446385799
10.734600199540173
10.841280561273571
10.79997199145589
10.790369857407764
10.932099542069194
10.822179972577667
10.951649492162327
10.812024351994275
10.94357011285767
11.208552052089276
10.868518220580551
10.905750045179154
11.010340388750695
10.767138572908937
10.676014956752349
10.787445878767251
10.774613137320317
10.679076158054805
10.938914862745083
11.00126082492449
10.803826749111622
11.025756455320575
10.998581501082313
10.747955841826808
10.774810021719572
10.772898239855179
10.772674765463854
10.51931202013281
10.777268755555363
11.074669000819902
10.885037372478092
10.864812199296159
10.709192065406029
10.893637951734457
10.792796467535243
10.79638281481037
10.563249483557708
10.825224372160884
10.671096904168383
10.665096918689954
10.843364282570587
10.761683697300956
10.789747231740591
10.498593570784246
10.981095584353854
10.901290753331084
10.793925332179185
11.017622096787393
10.844435253180016
10.858424491452869
10.500576531800412
10.916557126374624
10.524838204328665
10.814936873328092
11.093863793222084
10.742875859203302
10.652450249084938
10.880606060863686
10.454755140979062
10.891142448287612
11.034576373048942
10.925270331426214
10.809325969501108
10.464075074983024
10.723571172536762
10.77055997199902
10.846188910755178
10.7067756206257
10.525203149901362
10.729957029658362
10.870553164399995
10.629340915435744
10.782125018711348
10.653059721578579
10.859086145970826
10.927919393531567
10.808052123301408
10.846795966924386
10.830121015919408
10.542725208395925
10.67505435542701
11.034805907409183
11.095972916683401
10.913680309917195
11.13206523167007
11.014641632309695
10.56031501410075
10.968039308770196
10.61843096288098
10.871261390835965
10.82178298377977
10.848327244206349
10.96819504842593
10.694202879693774
10.685335323661107
10.777019672946714
10.784266379147802
10.792322098415765
10.906575817074538
10.72478677984951
10.551649421483003
10.50652698678397
10.52220795322326
10.969346230813992
11.04443893555523
10.638250210868678
10.606581644639396
10.805026266380157
10.501260598657579
10.499969779799851
10.65261848462163
11.224752621024995
10.858472241867728
10.702964091073872
10.783962116805109
10.829761537498364
10.58394324194672
10.986196483051119
10.604201585919977
10.752491708033357
10.489106555425465
10.863118472114332
10.558007287099477
10.947498078049758
10.942082751294992
10.738777224725858
10.769982572730804
10.654689095353413
10.807271354354892
10.558522798348099
10.815350989078485
10.620531926439103
10.767344887329564
10.721266810100165
10.559203272816465
10.795890957848147
10.581414869216703
10.509165609975039
10.693185617779905
10.622601573770018
10.936021361669802
10.835824685873158
10.638683984336183
10.91567332020915
10.657405999980163
10.581570991253203
10.788388642025936
10.791776224553146
10.564174683329695
10.99307298191363
10.749477350387835
10.713021318891725
10.33113692915214
10.799728805683213
10.825591783650873
10.777048510096211
10.922808651571671
11.106258584869936
10.78316673045841
10.699013680843821
10.820499433100368
10.705447813048957
10.655180108521837
10.866523599589973
10.690240327873688
10.7321566304439
10.6837333754568
10.702834986052213
10.87484138353795
10.758109140400421
10.977887268126555
10.555595862323322
11.001242879442975
11.12048312278908
10.689486506393605
10.744788716513742
10.584349605429745
10.935283521841086
10.63297719279198
10.834565555835168
10.711553930160255
10.965880136111624
10.940978912242688
10.800364914630798
10.767181297095814
10.865120142560722
10.758465018360349
10.902932945834396
10.560579150570216
10.990937492262256
10.681740592058583
10.907347304063553
10.681725511209766
10.667826399077935
10.978873428928797
11.067925995499644
11.09692296758099
10.862209671132092
10.895664511097966
10.549859487226351
10.755633884001673
10.82968771141759
10.821163122424196
10.907583684024951
10.97731795672637
10.6227181651742
10.869342553830519
10.802379973068817
10.984531478158527
10.904953659587491
11.071650205884895
10.839614556955386
10.761718012372897
10.88100913518002
10.775052664374954
10.840863825019953
10.900571002650533
10.772084176381073
10.745822063623283
11.040228102541102
11.037776176335257
10.92891973106904
10.809643733968494
10.874075689376209
10.860462178853954
10.63192459339359
10.787908187515454
10.652013852339834
10.90296738161315
10.739930771518923
10.72338314152876
10.897330130278192
11.079055729780373
11.07954991748268
10.823802298070412
10.684609234695342
10.851485222716665
10.902406395872891
10.739986257433321
10.745176440659813
10.803278850039206
10.764822563852626
10.828271952662131
10.696365860893534
10.984289413665635
10.758123509197691
10.751280268948769
10.752247222037079
10.706365802567118
10.906455074912309
10.734482465700264
10.77313647644869
10.509617654768823
10.51943182111968
10.773010477935019
10.698336366330569
10.761537635487548
10.694365645218307
10.819297458108716
10.735473424584839
10.751611469523102
10.826184228297565
10.719659305293094
10.862347193864258
10.620276254096717
10.738873688570648
10.646403117641864
11.01916583853303
10.84417067021908
10.898875217059315
10.571879046849714
10.717746437092059
10.755616245098034
10.584328760017563
10.590817563859979
10.845556475766383
10.970187911946924
10.843902408967944
10.538050507871008
10.742160369384283
10.807740085879626
10.858605156300369
10.730343662397791
10.889394319334881
10.752531696429495
10.816197973419662
10.685272361479289
10.667568542064965
10.701952792241313
10.68891725698304
10.890786811170361
10.713110276621448
10.71409893291913
10.566969588337088
11.197829572537461
10.797984253189139
10.855649946857449
10.66000842569073
10.67703669379092
10.891450162186237
10.96215617975639
10.847956371055155
10.921067312437646
10.910995611059255
10.6995859777638
10.590861542709783
10.892953212078604
10.874234774744052
10.898591432490887
10.888476740919161
10.71001225514339
10.744153276520525
10.962184961197764
10.741326209194892
10.8393981716536
10.837211174673795
10.688778306831642
10.79348381198083
10.527772528729825
11.137711147583376
10.871480569626316
10.77898086843273
10.596240367225176
10.677534185199855
10.887282825498549
10.748306533756523
10.788462276407873
11.032863857002056
10.581855509784107
10.760333746619654
10.580003992408187
10.80208174691991
10.934806168309859
10.926619372284458
11.000476479285307
10.866536084653642
10.83312611115676
10.577668343069249
10.796343260918668
10.98541505379212
10.762523132562206
10.8663325705532
11.008617810075709
10.6666878656985
10.601518335727619
10.728963164272802
10.901080525003621
10.653544856928015
10.620245185912788
10.49745122447858
10.903699825990522
11.084863351170084
10.78078106477976
10.831297475255814
10.907486596742226
10.929556702969299
10.639977597745318
10.749732216058023
10.86711350700118
10.931650844402816
10.72109608162243
10.899494137207418
10.675702961657528
10.6042560680506
10.524559468336347
10.824929848253031
10.90545878987566
11.066783932842789
10.768873238118212
10.728865539768085
10.7016474842891
10.825412245552267
10.766944822701593
10.724627455478293
10.914095040837237
10.820539124171729
10.692969976318352
10.88590531497814
11.006499523735188
10.923548337170564
10.701628908466223
10.82925948560696
11.007408888734158
10.542981705393405
11.053707858454569
10.904049087121118
10.857462338645222
10.70981716762679
10.70556098467481
10.83649372896008
10.845341955307019
10.675262757599945
10.817658890629463
10.580791681935816
10.770670320996606
10.731330320756001
10.920569476628355
10.865140777878535
11.0438377637728
10.630053506578596
10.62532487755754
10.827072509822512
10.809265667264896
10.671027749800745
10.986702639918118
10.905150664177848
10.723841536062189
10.851199771224447
10.670138710251633
10.918838652649747
10.9465316262976
10.997186167629081
10.662234987516106
10.811242545674268
10.875736233759365
10.646836757396585
10.53386240393116
10.842742204948896
10.678247657945816
10.669546753004443
10.674993762789335
10.70453371721629
10.816554685173083
10.849484454663136
10.949829780646327
10.699402434106627
11.077789086977473
10.937284710259842
10.791923481952734
10.75467535627143
10.598779752070588
10.711939579889483
10.947045784487239
10.826960757755588
11.073597794089117
10.725209841796623
10.906858015102733
10.795680996138673
10.837278743536201
11.014835496909697
11.034162515850012
10.654988015521042
10.770497561761937
10.67034985954726
10.461974086681952
10.468829461032273
10.915007544245954
10.524623625876028
10.784276905384573
10.77136859897921
10.993793104014921
10.778007645566689
10.698832555141598
11.133610396068853
10.803465114111734
10.754003174960458
10.853361755513117
10.77473321800397
10.911671971581292
10.699381058320531
10.60460466240648
10.840211661143616
10.4159352091884
10.645481963490695
10.969846172832693
10.724998783635986
10.972124769801859
10.61131680371256
10.923163824010423
10.700234210031063
10.831791100734298
10.755709488067847
10.576007598493998
10.666146508803896
10.738330258974562
10.647170069248736
10.592114357584007
10.55584274160373
10.74360248477988
10.78990754353411
10.620963070893552
10.833908762249012
10.795211209125672
10.77542297149164
10.66027823808296
10.912535946917329
10.688705636099204
10.702607294135042
10.91734161305542
10.9284069196021
10.880923803914973
11.079160004624148
10.82070296743475
10.833969860368772
10.789784724331984
10.858589887898393
10.914720081964614
11.08881752270833
10.909830772771567
10.828649700555205
10.888777470527762
10.84714749512693
10.516457398989282
10.955827785292069
10.819827434069815
11.002002653551735
10.996084723812912
10.88804354918999
10.755260291477843
10.786431839477109
10.609748915623097
10.99802753197102
10.66028285377259
10.828615694225288
10.655497090248339
10.925003738747897
10.656904003517177
10.721514149271997
10.600639502163759
10.776664165636282
10.714605323304388
10.879846660540707
10.756135763524451
10.85637388660361
10.726618145632306
10.847194571857411
10.847718874004048
10.838247496880253
10.887099923390352
10.999786215583267
10.926007662634321
10.967757184506532
10.828084635374358
10.844945477988894
11.00954159156618
10.887305039599033
11.130969056450503
10.636229804112519
10.502471327970815
11.038657564055978
10.93043018125654
10.935546298285445
10.625620863784741
10.921300548028908
11.02681828767173
10.751868350232874
10.684941467341526
11.076803338534493
10.945999083578618
10.943488445705835
11.039656911609608
10.995174852218215
10.68921830095461
10.807603349109026
10.782496612461197
10.905151892809851
10.93165838014091
10.799765025195613
10.807494745397513
10.917454812052625
10.83703880078137
10.69625012816796
10.661594744311655
10.858235832058254
10.751031563866018
10.771050811726777
11.12741000910707
10.813790589127303
10.856266294020902
11.048032907520485
11.202326612932008
10.942701299196193
11.047191270680864
10.822427593753666
10.933325968014094
11.024424218984114
10.90896527384439
10.682042301098578
10.641087404002942
10.683854016665338
10.775138604440459
10.757500848681849
11.171818214087846
10.91962186053288
11.086208404001377
10.807896337693396
10.907915072218342
10.752568040139165
10.837529417527675
11.041213866540103
10.839141379201752
11.00840437667207
11.019658372099274
10.996616493457054
10.918278019545085
10.809170594125122
10.841675915991665
10.89319435389895
10.934096011890249
10.961932977681435
10.857110820317583
11.047572458883476
10.807777372346505
10.774702642195274
10.96742376963829
10.970398948845343
11.014283835302956
10.808648017254924
10.869479749262942
11.07821847696457
10.67912663780732
10.621320597822729
10.818670199871939
10.837417002995975
10.677722185470232
10.905018002696492
10.573366838557284
11.13278623089324
10.594165387670772
10.571041890724922
10.729342353759872
10.944601172552126
10.951498884837545
11.041322087189549
10.746341617397112
10.886050428467469
10.895882963578632
10.8204346787979
10.618972462018995
10.930789689928178
10.93268412361798
10.58114112111875
10.841701056331427
10.64351021635484
10.90129480626101
10.724267494212949
10.718269861772622
10.657283243715254
10.709324594356985
11.000005456477169
10.639179919305784
11.045401884712764
10.853225752171438
10.643722940571937
10.969460076227637
10.62445210747002
10.855117940052532
10.557352524361518
11.002649854226355
10.796954108319301
10.905053795727115
10.814280888005868
10.844150425085164
10.632259980497224
10.987537014750021
10.867745990277118
10.730917105804059
10.877480900314684
10.586889680036162
11.004105304838886
10.95718826768808
10.711691663009319
10.895694648536779
10.551492872201365
10.909785536053489
10.818316931496192
10.594509085735186
10.74640655423224
10.836017557921299
10.496056458958371
10.51286461039947
10.641154760637626
10.772433005999812
11.011327381950643
10.702959265709213
10.927936785680949
10.65846252745732
10.804174021815758
10.798821165099687
10.651148421227816
10.651313810910723
10.625462336982245
11.01149976097263
10.98817656030696
10.765825221516266
11.16748975851056
10.795575175862421
10.747828664973762
10.771095996491523
10.765072369692042
10.622899677213246
10.937515211536047
10.921976093473793
10.451488516288611
10.932909297846612
10.753981845202143
10.899436122575032
11.035967706705412
11.01836796830625
10.99184077218163
10.841270005797064
10.52737726611966
10.78656667516604
10.686127168011707
10.547959087791165
10.723531248171946
10.94673246691725
10.81644732939537
10.876634144710412
10.936841338765731
11.11751938665202
10.729615818178992
11.113880172379169
10.768489883703001
10.829754436802814
10.871622450540958
10.874672845837488
10.793253959656893
10.806992110701907
10.667342220177153
10.770936143963628
10.70272085569611
10.947500603983276
10.947216162438242
11.106645611538912
10.467888341290717
10.680881032966834
10.954324335634041
10.821860127877834
10.875559330576202
10.974380567229568
11.00067373678991
11.188833027503055
11.0726637466183
10.987343808582839
10.859720264812328
11.01148033525245
10.980792495835523
10.975312466145944
10.974944311481083
10.798324889091097
10.911499784319277
10.872421654377835
10.767312564879873
10.882460081115193
10.777317759207124
11.084186260194166
10.692186198289301
10.683836777675607
11.159571294083795
10.86453983867102
10.965049547624318
11.109803876240635
11.038589471512504
10.874000328078978
10.505983975352775
10.828641248517155
10.624791879500398
10.654707633723481
10.854410258480806
10.865099679210433
10.95366111477275
10.8288614073737
10.853167599693288
10.67886801223109
10.689367740409153
10.808715617730705
11.006444597485272
10.791736486615687
10.686915511454648
10.777176704343493
10.860782918047278
11.005141539986777
11.109180301881088
10.710601990612709
10.880329476303928
10.854869308286725
10.95325484415916
10.913803124409991
11.144316900596085
11.052500435214107
10.959469435169003
10.66845815641305
10.901087539488008
11.189748580954616
10.801489000447535
10.914374965173737
10.842461684672507
10.839109096723174
10.83087392732467
10.981134045768576
10.766678784228688
10.883958507795176
11.09906995036148
11.023615258851569
10.710181919985835
10.927963744620902
10.869082907778692
10.930450675611288
10.793756051401488
10.767304734730134
10.738850179545908
10.946710507831382
10.928022986291447
10.953093798533743
11.058375725896346
11.049172092100536
10.897413213292202
10.750047850431722
10.878052066435176
11.158855238509902
11.02700078069265
11.1943798573302
10.683292747130073
10.940275401976336
10.813087787570828
10.957508802204925
10.904639933274636
10.75349125387423
10.858065770948318
10.83707231574913
10.814171824683193
10.899744196509797
10.773228995734344
10.909635268965491
10.985403304007104
10.830576046675482
10.764694819907863
11.0281186813093
10.682675324998261
10.929257689326475
10.80799587766551
10.735513955927447
10.535273079520747
10.620664334178487
10.863101998227162
10.727573252055542
10.796878871811765
10.881535969988807
10.711248456141941
10.71668323743106
11.28646177955836
11.169487250472061
10.679759282299033
10.772318343831625
10.779713172136352
10.927990335933368
10.701957839266365
10.770173853174182
10.752306919766244
10.876184199298285
10.99875854864633
10.819974876856925
10.855214339611965
10.839726764785656
10.568318122093878
10.615589924039979
11.052432521108246
10.90310348027945
10.565993920659778
11.136585832264123
10.832347579547685
10.819104845387027
10.604333028013679
10.821274666351902
10.871994757340996
10.928463887471029
10.990064241431766
10.953871990808349
10.705036429965162
10.85739696823206
10.784123427974823
11.045243391969992
10.769162795853834
10.758099546742983
11.042613956792385
10.804641732863297
10.678374421727325
10.850216660654974
10.93863044005015
10.662187806795512
11.050574786629149
10.773883461053826
10.718161235080496
10.682417856706486
11.051854033961586
11.283104245835585
10.930880105426949
10.9822222728805
10.798302913029254
10.847107433017358
10.863094294499035
10.835341156341926
10.848571114506592
11.073380515317476
11.11513656121024
11.101324756943322
10.960676078551932
11.32591101409534
11.027613875518487
10.829167799361887
11.039761122995364
10.841353254260376
11.041846730810477
11.315209181324406
11.15866378092616
11.07538634701568
10.916292984141611
10.965362508793646
11.021083786077183
11.177999391406312
10.904627482452225
11.004415040477182
10.935309427915401
10.794559495077806
10.735365477482004
11.1513241471075
10.835886464253552
10.786374861795643
11.013305715697815
10.914622790326245
10.994587528918188
11.04182401530593
10.759566641039935
10.910993815714685
10.753498369809721
11.116470248319303
10.894843305461523
11.061863579148413
10.945798788837365
11.068512687199812
11.171472776177865
10.645447821037171
10.972743719290994
11.055556270488603
10.824674575623924
10.872217840982485
10.81032680833453
10.725922208490292
10.920274627265469
11.048489498187447
11.063982274678661
10.657206343253623
10.834333751295404
10.737186546038501
10.664402001708984
10.599917832417106
10.910292409241327
10.569644854653935
10.788082735541275
10.725162611019108
10.933579531955868
10.753670453615106
10.766238269530943
10.50314215920973
10.709117840575232
10.836140223536729
10.75004307909448
11.10575864651932
10.741005723240557
10.868035169051423
10.684268160072673
10.786474877554294
10.512528670582975
10.879419296495016
10.951536999296135
10.8128260301847
10.624286759857762
10.929063237966224
10.823250840945905
10.696303920417094
10.719029527152903
11.07268527836504
10.619758243392363
10.81598739928554
10.958728769881791
10.995332061678875
10.832539290601531
10.654026822512687
11.067984110713335
10.833997246004014
10.99918386813193
>run350_1
10.820104293547102
10.71261649562136
10.668125290249028
10.71462797427128
10.923502624494885
10.940076820119117
11.048944188744695
10.640588311561427
10.599698085885866
10.885119361260772
10.644340548724873
10.977000536199217
10.747875020006001
10.878851167585491
10.922894077435412
10.882923654165557
10.654556868174026
10.782698876861758
10.717937443083507
10.980837917955366
11.03298532217028
10.851510925969277
10.627705153635471
10.920426279728806
10.963862033820702
10.915182472376959
10.771644685068578
10.82687431497618
10.941341408157404
10.820827313751119
10.984572602591875
11.09763127077396
10.72143176199134
10.712503205496445
10.831902792846455
10.626799409337057
10.814777358796693
10.806446948303954
10.758977364379625
10.814119933774633
10.766418825453924
10.830993955681059
10.924885917296447
11.011791555304182
11.001551812902543
10.785332030730913
11.311249314344312
11.027827202041266
10.988954098958649
11.054193646482323
10.920476783544549
11.24783798902287
11.18985353650668
11.180027801126261
10.943592005509068
10.972647934432603
11.115604540101014
11.095737483145095
10.638557661286915
10.82663746439184
10.822116271785818
10.686533192229543
11.0598176277038
10.984539468262685
10.704296078825568
10.606506138576899
10.799991355759744
10.669294678031443
10.97196348018143
10.77627359567769
10.792331039764226
10.624723031113486
10.871104816661452
10.658692354283495
10.896674742058272
10.948008751522828
10.873359988114984
10.882009314269363
10.78816240957432
10.691027075955159
11.072127789074633
10.697905102889136
10.84738038374044
10.63657554721434
11.016258900606882
10.80728909124402
10.828452552592708
10.612047307773132
10.790790005578407
10.680359076718354
10.68896752979734
10.656709789036524
10.752998027581906
10.725104316757132
10.80228527552107
10.781069039961817
10.733889096252135
10.625948715070644
10.800592246553384
10.810257498627768
10.787933363368806
10.819895207252792
10.728150967260502
10.705006010133417
10.736760854430536
10.872514176301221
10.773725112298768
11.047131831905455
10.767684596418748
11.022504680310366
10.812010780883812
10.925130561461607
10.928779843621943
10.944032873120987
10.668120046771804
10.959895841055145
10.739741359107057
10.987468642991772
10.781923110187776
10.805751788746278
10.963213443578244
10.515845063614773
10.725273101200738
10.796739164852498
10.563537642716602
10.722153631716859
10.662581259676092
10.792681208466183
10.641684404166474
10.796344262453108
10.86509151436973
10.773578911398088
10.70232869803124
10.70861933446602
10.791106887534866
10.921989200698693
10.938495950282588
10.787757505102634
10.747082503841868
10.896844478827362
10.830742338318647
10.711338275844534
10.881213514122718
10.751448950294362
11.082345113677897
11.021282920721037
10.596323819615403
10.835861412797973
10.793654927000345
11.103928431720265
10.902749322922551
10.726774713242753
10.678553029754571
10.619548537686626
10.725156399040227
10.928183656472026
10.788971409636275
10.772737478223851
10.74748182367492
10.947159603694194
11.055047272420508
10.908492127637686
10.791322967802587
10.763352720546616
10.41838206557221
10.57245166419599
10.616997785379198
10.91683497411838
10.950811759360292
10.843427473644708
10.98529460773612
10.824946383927408
10.837502652689832
11.008496835553826
10.696639146279145
10.687940045327093
10.667788160744266
10.648419289773472
10.755529487903717
10.362173916934898
10.858244878909122
10.787407125898568
11.029857864165695
10.711932190236498
10.950553735226958
11.004645208081211
10.509517666085003
10.688956488677922
10.835810865911908
10.679293452287489
10.758276500779651
10.838267818273172
10.92080074110611
10.565286957543512
11.015361348406264
10.784746917760208
10.737565977293576
10.9947003736646
11.061271048690987
11.08357493951496
10.985606263038694
11.211809346335512
10.864140578831345
10.866098159327949
10.864476390194243
10.782240367355234
10.919993845812298
10.83597922583747
10.661992350336726
11.061245061023133
11.038247437656617
10.888535463583231
11.030851025230332
10.845274861526017
11.012398356225335
10.902493208898692
10.868314157366093
10.798363878149628
10.897032124717443
10.904448182045561
10.707083384040644
10.707043003357944
10.729820731212806
10.813553240771974
10.738290901263046
10.64816099252842
10.781287870250367
10.839589199734293
10.652548536028986
10.96054796738369
10.851948369924484
10.909725376850938
10.662318788766035
10.83578451422862
10.759613709472237
10.959637761101371
10.767957606523773
10.90679374868709
10.809130158133756
10.734583499274539
10.6578455869343
10.811166160963571
10.755269091006598
10.864849033700363
10.68133401488107
10.555606584709478
10.849946436751342
10.752780284021398
10.827953188252291
10.588668543343772
10.839492135699519
10.905197529023425
10.616832482592939
10.79349315024359
10.77488046522138
10.882648618988258
10.689174892266719
10.842955693386624
10.73808309590507
10.78074300573921
10.820218769208743
10.984007007551762
10.627482275774918
10.903292278270396
10.567753906929077
11.008100061901803
10.954138250295744
10.576249689976061
11.090977507124249
10.97635599101103
10.877733172375393
10.799805322818294
10.54256396904648
10.99631012675122
10.840021225817875
11.03254452172825
10.8535719925082
10.745832582684342
10.851179081274314
10.559303446138925
10.918441478979839
10.555668491279599
11.001230692798758
10.835435710016794
10.724752931788528
10.600047801141868
10.632506310520332
10.636877263394243
10.803640768992018
10.802918085774197
10.684942446371103
10.815572920016272
10.637112198163909
10.651614319024011
10.715444932145616
10.529566287247093
10.732508260845464
10.853844477914269
10.849400083579676
10.713979281001192
10.89320680122641
10.820079142885131
10.865104583270401
10.743489703070159
10.906393351793618
10.71001675145123
10.926339209402682
11.05534051330158
10.789011520889218
10.789574681774308
10.98756130761654
10.723639844129766
11.127216129062491
10.860304806989593
11.098805085592225
10.959416494569371
10.865839055536814
11.018609732955174
11.141242012079447
11.275578402007913
11.061733244869734
10.759590278777155
10.987577448023385
11.016055148114607
10.936064303904036
10.937004422760152
11.108449588526057
11.186291807229239
11.126620702978414
10.958965109064113
10.754103557213543
10.729405344916682
10.689256938642917
10.786752329597453
11.14415290621261
10.771631197509048
10.855213910520016
10.856122163984688
10.87074384295773
10.853271389314088
10.857991216197755
10.75096380375865
10.334630562694942
10.840745978148675
10.937280477550345
10.730098427390928
10.65494720660277
10.810021931113749
10.623031232636535
10.731081915413805
10.876935575110728
10.873893795773967
10.761620406014034
10.852861687386099
10.861603297925758
10.973158319685659
10.660439398900538
10.943012882349597
10.890689626008877
10.785094744028546
10.755908355064244
10.579839132513966
10.79733409458458
10.808861933579934
10.76981956647851
10.517847067261465
10.969025432929923
10.867468514489484
10.898983428524401
10.760221713474841
10.853338659644624
10.740656913638459
10.877661571606534
10.792523837015517
10.835729889466446
10.728975671307879
10.615053046894966
10.698549777530095
10.658511982296005
10.56676989481307
10.731031034005351
10.943245236009213
10.813186744606185
10.80010367596129
10.759568772491269
10.86815378995316
10.833489763416374
10.755065296561101
10.89324242795763
10.933342483188147
10.846904510870417
11.038112462096656
10.863674614443598
10.911284025834522
10.826279113170793
11.000015019056974
10.822221663261832
10.80847609701208
10.840543991357851
10.435137475247556
10.586077452973921
10.51812540757022
10.918716765883683
10.674868569486085
10.868736311641834
10.806553553883429
10.820889468887765
10.726615387027598
10.90497134716576
11.065006603477373
10.851753082195529
10.814160743721175
10.806318865831486
10.858799164892678
10.806292065550952
10.633166286211393
10.976467595345037
10.94742106670325
10.838880165811458
11.027623269971587
11.293990488791904
10.785715487834057
10.716133964746357
10.79474563907856
10.873345241237038
10.907707432532563
10.749189145903854
10.655000424578562
10.664358421831595
10.671900379431632
10.865613927898409
10.714216154519836
10.60742826958257
10.838928156461417
10.80122083590182
10.723581053269509
10.948744104008066
10.701192312712728
10.912769866857637
10.97509512469995
10.476764237899724
10.757848880697432
10.842388976498148
10.911180602092827
10.82794077531144
10.900475260688761
10.706362864144452
10.854533625948765
10.727143658647545
10.846528155597866
11.402971091303272
10.814058649597932
10.698909657259842
10.716566509036744
10.856766678725144
10.653089156388837
10.773322543380704
10.964368573235967
10.997230704351725
10.89205291416741
10.754857283293402
10.685547920647718
10.808907882543828
10.664566405398567
10.889320874210439
10.69661002494575
10.985793061688218
10.846401351051503
10.889434700612377
10.956710025153532
10.705903855033519
10.70693330577258
10.70392476975513
10.819372716204695
10.973431175650884
10.79513755153956
10.72868614491449
10.715595014340435
10.85527781317988
10.596879248572206
10.803398962748494
10.684739884038317
10.846498530401828
10.760585692096916
10.929830688213737
10.822330347734846
10.771423621555689
10.629859890919919
10.828844031452787
10.860566863935226
10.639783156172188
11.02383294309027
10.554639405939188
10.738144598623315
10.777185208318613
10.911843842878397
10.858995923023707
10.746060668346402
10.887588034410305
10.86211837038985
10.666142892430349
11.083326995675986
10.783372688926915
10.775130863584979
10.834111390043699
10.679988936107959
10.590567808335853
10.719955918834398
10.879031505146918
10.797035688824526
10.760899711061562
11.05585464411493
10.75031934322068
10.717069455460054
10.913093196756606
11.02293691467443
10.801977904462655
10.79983502959661
10.649219919153728
10.625890421143117
10.5745423623725
10.745349210184976
10.773472919038033
10.647325840658247
10.77609802116931
10.792269237814427
10.775501148623514
10.995233614915252
10.727242367530055
10.91252187140556
10.911901149079284
10.949187001307655
10.70195551559492
10.775861756045757
10.679850104912264
11.050321645914408
10.60971197589874
10.76017213290992
10.821234905795952
10.924891948429808
10.581312887306002
10.951940310169334
10.894684397755773
10.931961520811116
10.852938626427932
11.068292961936514
10.882672605382215
10.935443651523011
10.925580595815738
10.817955608851166
10.957754897810277
10.842219061255264
10.896736456020674
11.037062131082937
10.969249620002408
11.121202230080534
10.688358609439277
10.905331209001304
10.920399219126704
11.003457031718419
10.887544393718231
10.884163056590777
10.97281816196787
10.934170547979678
10.744892676893398
10.887466067888102
10.956090036203683
11.04848390445115
11.112733057771193
10.992717651180493
10.610985577167758
10.738241455420384
10.802816098599175
10.83707934489834
10.888704769053607
10.873810991302468
10.867808459793277
10.786871583983146
10.735905024735809
10.971865878707897
10.88148890500187
10.985802822504738
10.927168525549968
10.785866885166017
10.818979495913693
10.79970852710337
11.085735553747757
10.902723530575722
10.679551849206797
10.949077271166392
10.959389642005204
10.800129670096432
11.136764419648705
10.956766081967785
10.684599068585735
10.633995951748101
10.846098689107198
10.74239611792242
10.882604189093767
10.982874656838511
10.964417757992534
10.849122170482207
10.752855340716799
11.021849677264719
10.785599417799126
10.940789296647276
10.791986357586776
11.003625870599778
10.922784240676778
10.77521289344131
10.965044016547415
10.89974003572535
10.856334125145246
10.880806964277756
10.720163884065691
10.793669155975588
10.76205777154642
10.863988773612736
11.017576175680926
10.858228213393978
10.811823335644322
10.848416610581461
11.039791837208535
10.975033582538055
10.875819148714658
10.728246603902893
10.781795152068732
11.1087776388769
11.03339854820973
11.0417683711302
10.765390967893085
10.816129226097395
10.747862931423976
10.742279729725643
10.930165984992623
11.011769807291133
10.927461650538106
11.145083785376583
10.837406089945434
10.964848278563082
10.922278259631412
10.952193922253509
10.640105045834902
10.87001780284935
11.098814330484439
11.094986368218663
10.827711868266935
10.948403091789727
10.837442327294156
10.989115163249192
10.901065346724275
10.983490704884392
10.594715533357173
11.07921116356096
11.124310791241568
10.913450909979167
10.774354796626671
10.803366260626063
10.992444597561512
11.017469672970234
10.669241578795463
11.206945064890212
11.081961397195572
10.760510226850881
10.890950531385473
10.69938602009761
10.978451971037021
10.893213254282808
10.73621373061042
10.80394550087839
10.778486739191703
10.834360500031167
10.72545173118331
10.674367273652116
10.72019940992203
10.92641389537705
10.896597745262026
10.919015753783167
11.172877785171604
10.952892905196865
10.80890281900014
10.549979872319106
10.753278133904319
10.753991342193022
11.052912862075619
10.727781575177055
10.960612654580382
10.855281098713865
10.8690428430103
11.003926202767131
11.00545009270934
10.962212677738792
10.808900630165477
10.791105749938236
11.03343127055283
10.832060806767393
10.865237038706343
10.88601153821107
10.86793132045824
10.708532779385045
10.721416782630534
10.550558360836696
10.623394710253221
10.613037265315162
10.771275432185504
10.543795875484212
10.734664219426728
10.545154316218351
10.670452491726152
10.957534200421623
10.795707939477337
10.807488709681813
10.925845760079975
10.88585046275931
10.773796586166144
10.838535293182764
10.755696783891985
10.802826077620793
10.80464927796675
10.708908026483808
10.905942856808434
10.863803513469733
10.69110689912067
10.4965478458584
10.697855886348263
10.802647346392426
11.003889724016467
10.829139877562778
10.767650691366466
10.76601383213822
10.879868165360936
10.77568908148075
10.789588471083592
10.853839069892794
11.172948670958075
11.122941744722167
10.843055390528441
10.778129492587164
10.888287096348881
10.860420489691666
10.877812314703835
10.695056196858445
10.885821365701746
10.76515715026857
10.803256749325623
10.690755682463807
10.74664560140916
10.86684145180069
10.773337819514527
10.72608861169008
10.707928134628979
10.745696275891092
10.89335449503894
10.99497277347132
10.989802176220948
11.028411366166656
10.487500833607413
10.681678794034468
10.970830618870194
10.852319593047595
10.808521532811525
10.709187210294951
10.792726785844525
11.113089213663649
10.793510908422276
10.951837639998699
10.903287535824592
11.092592711289383
10.727141951937528
10.797560632859861
10.695167012071016
10.600719797787056
10.988405431578062
10.76878507031737
10.811787534688337
10.7697776463368
11.083025925915463
10.719811970621206
10.820381840038921
10.848867162810603
10.562387298202683
11.086596054266753
10.813187725474434
10.898825372659054
10.609198972308885
10.860672099334678
10.947572717834442
10.826719814090957
10.709316911531534
10.892434360474224
10.770614521202083
10.744751602373977
10.890501681896204
10.866466501040525
11.16002259783819
10.653582423437717
10.769047589045943
10.654592766561235
10.90061241883215
10.813487385793543
10.74207711973086
10.944202745312676
10.88576688097171
10.7888234329291
10.910192170032552
10.976761199617187
10.9687975959575
10.799320343229635
10.68954250764328
10.88881996121846
11.067730011191868
10.646736281800942
10.905254505884464
10.696480674382617
10.769286021863998
10.57380958605915
11.00012506102545
10.7422786237001
10.817282587679836
10.996776976067828
11.057825861568158
10.987482251080971
10.985172911959044
10.95089420537083
10.756431170714885
11.052082293456536
10.805336297547125
10.856830627211794
10.864574695266823
10.494851851272308
10.991841186872104
11.040000702230206
10.907599995441604
10.526874375594089
10.744220306508337
10.89782027628058
10.697513080622667
10.941690726264445
11.039386205091407
10.853157504740103
10.8785840001255
11.051395117732806
10.71498986339918
10.999219538100652
10.936603029203349
10.958134080106129
11.16804377835244
11.154569185381142
11.070449131473136
10.722765962502262
10.730416665118682
10.865482039556605
10.792110599849615
10.9255093713781
10.620075604088601
10.975822739809253
10.74826133157952
10.986636231617945
10.878050299851916
10.50732495987888
10.832534719825594
10.798102681491304
10.713840787782694
10.918835421624461
10.822657007762807
10.818132746530951
10.793043319591368
10.6816072194003
10.67167847311968
10.752187618796409
10.759183911227222
10.925560793871279
10.907794986561164
10.76189476650156
10.744402419898744
10.584433630007455
11.137699243657542
10.793610381247959
10.85902737882327
10.637379940335332
10.732062001146026
10.965819941523566
10.65161961396537
10.81562291241011
11.002493814336892
10.924082457268437
10.674362421322622
10.888999197197979
11.01629613408481
10.882839924245367
10.867286795293651
10.878457254502095
10.993934852579939
10.806898777123871
10.815481907016675
10.913217040643115
10.853069910299727
10.96564850024622
10.873793852018416
10.718497729564694
10.892634355156817
10.777043396487771
10.842000694347224
10.796288168098387
10.62433126157345
10.653011594094608
10.820742549026132
10.58640407906276
10.749967855785385
10.56395770296713
10.701295117390687
10.640631846663826
10.963399861152041
10.534789733302913
10.927522300991576
10.795830954602335
10.751545782009192
10.899093332534644
11.130224773611086
10.684504042571238
10.808928929683653
10.728096348686236
10.964031416279374
10.805544167216265
10.91329126567386
10.68682043675626
10.954007099776613
10.890447424137033
10.70465309907608
10.924136989409218
11.04082776279764
10.60591032143021
10.944594403065611
10.79601824528303
10.759738153941303
10.679866354430523
10.785428246623386
10.870743094357227
10.945168506643784
10.73612447886306
10.565532834897212
10.951659936468719
10.714267264676398
10.547025628686612
10.976327217685812
10.913714847387041
10.979985554651845
10.68741778692333
10.902844991052978
10.789203150823777
10.99802794583673
10.731733842407456
10.677215907715688
10.838285233107326
10.59768600027204
10.918549342673781
10.95565157363567
10.983441883481413
10.888527382173605
10.999714844979762
10.966783777183355
11.045663981921061
10.843247243021995
10.81714205048405
10.93356231214294
10.978938694996238
10.93318021350735
11.13353784352419
10.995925356338768
10.957788183274776
10.86038919145001
10.945266732141944
10.857230231189357
10.852649621686984
11.109973392579732
11.015323142951392
10.856814068344365
11.075743241916186
10.90592918089313
11.089960146965074
10.837075408229277
10.911024363468723
11.03327364622805
10.766705150346272
10.757699325035782
10.73436733232653
11.043737853270523
10.682372238092496
10.97357425283618
10.708080023296665
11.010835018234324
10.848462805384163
10.937099346420952
10.882780022552788
10.940679277786598
11.230084363247116
10.737140607158686
10.792416828221699
10.983019540500491
10.918814056638425
>run400_1
10.695126838473298
10.967295548957608
10.88075986125478
10.988640601087118
10.905931587602295
11.036060812891119
10.986413879539246
10.642996473317522
10.965696791494095
10.968520192642771
11.046512118316759
11.026620277603268
10.925096537677186
10.832907674429126
10.954903488291595
10.955392447842899
10.507250773450654
10.991756954335354
10.86425809669039
10.812042436511312
11.016618318544868
10.915475235964793
10.992679770090216
10.790602684817898
10.695682804872273
10.859866111464425
10.949336737584686
10.905871859812127
10.36379922157796
11.231973131664764
10.910034214819126
10.813351189233305
10.708770294091886
10.733023872328893
10.972971710582515
10.921514312980378
10.94402088601804
10.92646462167022
10.93279528139479
10.979273207018567
10.757195041742905
10.677968123079522
10.776594734744766
10.922559037841497
10.88674224079841
10.918109183674444
10.747865555136062
10.879531048525283
10.960024910448931
10.835359876770173
10.875874945868192
10.71122986241316
10.724839420734243
10.89861125382144
11.060275924190917
10.795671833017426
10.816691066007433
10.979576705554344
10.979248247756136
10.60246870078537
10.80408986395021
11.143045669344843
10.790063752315062
11.045915576159649
10.65013116388202
11.028654501571797
10.847612883390875
11.03005079696329
10.999750935805798
11.047990362659906
10.841834641110523
10.804400896469081
10.819764527560558
10.886844537369932
11.089496659372271
10.816923079218995
10.96496287604229
10.791632707075975
10.854113454364725
11.021325273265692
10.711634432018311
10.718740346907504
11.070841123178694
10.733668665520614
10.693274892186583
10.573705365712476
10.810692742492067
10.844201902629376
10.697452423834406
10.8338723408467
10.83533054928312
10.92679076895981
10.898439105300994
10.93069210066234
10.93062817110614
10.707507162534677
11.003021007474002
11.013077261534676
11.013030725176039
10.578133884911217
10.702159809328217
11.175805458516832
10.794600425202432
10.662960240277798
10.782703510206678
10.726256608515916
10.823646090904038
10.682659469188161
10.923169688757117
11.112496223754963
10.780751198063346
10.874216328305485
10.87392897811982
10.714039182284429
10.953239506321276
10.865399480173025
10.589028880044776
11.294054361713686
10.99950006405608
10.849026148366935
10.836849253900171
10.923093441888964
10.832830356129481
10.912621739033407
10.838039167083014
10.852086131938613
10.779630789447562
10.718013968333482
11.080457032245699
10.722427194422496
10.827695498696373
10.850630392433645
10.844776175320304
10.783518210443646
10.885988567795271
10.532894294215602
11.009177426305854
10.838504782335326
11.00981093304893
10.783491421095267
10.8540071386596
10.886998893453736
10.700412258708669
10.75402791310892
10.742391070531175
10.887199411944154
10.967254564911123
10.732598844514529
10.775839561233909
10.801857532601009
10.808102312293748
10.842334949674282
10.675799882053761
10.841569341035978
10.76935385862677
10.831052160189216
10.893822958539777
11.15142503539198
10.658438589399813
11.019126688383706
11.014015176907275
10.876697999274388
10.821931299100912
10.519093610829481
10.903369527003964
10.854116362611522
10.875678887897564
10.928267299450004
10.667543749040965
10.570681182474576
11.030386179762306
10.646940984112007
10.737968377663204
10.771942279395468
10.804663266276727
10.97707396830374
10.75138908663075
10.913886393068418
10.953328234953611
10.652277770719063
11.038331939783133
10.677060181562544
10.681328202527784
10.69387220360795
10.703941789524691
10.650446329419086
10.728998586911558
10.889987047475062
10.5988836626568
10.80974731589297
10.809158681257767
10.932102923581184
10.708069995319923
10.842567815281967
10.84411495130934
10.790439175363367
10.982217746898524
10.69114211222835
10.915633898126702
10.586726973676859
11.042280478788342
10.842875409164522
10.866062499245645
10.867425627351073
10.852164452521853
10.63740325919974
10.822948326471174
10.870028440431362
10.800705866064774
10.895793946161676
10.706081784947651
10.690810822575665
10.754072621353744
10.895385544769702
10.616316565326802
10.78304795195236
10.878716543515777
11.132778184579639
10.63064409912184
10.558565840296746
10.928596924352046
10.977042091383343
10.837889985027584
10.829856637223736
10.716377117295789
10.868051389086151
10.797368363903624
11.077852548296136
11.028286369015936
10.832538276050643
10.750737301191323
10.608610321621873
11.0518403121557
10.629332560427205
10.676152903470818
10.862327700070349
10.879989323115428
10.835937872532057
10.773711016507763
10.724738676811555
10.701901161264557
10.796392824601554
10.921493943572482
10.721528671896733
10.640919728312161
10.746290379884012
10.67023192660535
11.0654194595509
10.826105706612486
10.732411513965936
10.654689303012368
10.9189637195623
10.847555072494039
10.761411630260413
10.94497734276839
10.520027783094465
10.579334977409506
10.803143617548386
10.718919185390847
10.884190715668256
10.690575217760927
10.59097300361881
10.83014383205137
10.934466784284401
10.734427246408693
10.937995925761424
10.931195968501427
10.78701197085954
10.916012695324264
10.668926168860962
10.863330683955784
10.794826768638144
10.674569148145862
10.476893386771666
10.920510932752375
10.691001599064133
10.745962201246254
10.586910843950017
10.762643130847716
10.873679775805806
10.509955109368617
10.755663855535921
10.611386930997083
10.600662435086543
10.773373930330894
10.7045773921179
10.728044787768916
10.762541031314766
10.447771831257219
10.547139482079375
10.614699861997112
10.606068591969734
10.838142673179389
10.859118970126975
11.032308294631163
10.865459139638439
10.720596272544075
10.890693109229247
10.825481851755608
10.77173179734247
10.706101003558132
10.657719817393225
10.861617642127754
10.809621471200803
10.716604741187831
10.930482807991325
10.969223684263413
10.47570560235787
10.82646510520401
10.635194372730211
10.927333892244969
10.631866567926734
10.786464166445983
10.910163679574058
10.917293332078312
10.972657456192524
10.5846639133425
10.714622809000533
10.962445806495476
10.930337691066953
10.649590384250933
10.792362594091466
10.429304805078523
10.730990379036133
10.764097498947686
11.212450832980071
10.717393113489935
10.940498248282086
10.945532107552125
10.623427303078572
10.759809828059701
10.621456018696094
10.625669569581872
10.704745911677685
10.808918424851358
10.606060679378503
10.87510949647908
10.797204095369473
10.890483774810187
10.615402989521968
10.747724248053562
10.820495726989408
10.728002320336024
10.723929550887467
10.866865052851683
10.8364198276104
10.729683953884184
10.862678784670788
10.665202236334599
10.606417088868394
10.597716414181491
10.701350486390375
10.782499737230378
10.96573313624803
10.811227317317755
10.933658898205797
10.74274993955514
10.653972733425128
10.619112036915457
10.811221621924949
10.852002656131244
10.74006077787719
10.751690850955736
10.737312867804665
10.63461762829122
10.609421240994314
10.791021411968073
10.693692067203601
10.666074360364767
10.868910683801321
10.870147434767228
10.623004935680793
10.730494559853996
10.694568294931038
11.09469093275229
10.758660824723444
10.582714773220628
10.663543262977056
10.882048768830678
11.030433768906622
10.83056640340799
10.682674214014781
10.711706075521239
10.83113373428148
10.629479290511266
10.849333126149185
10.81007934655226
10.633374284648927
10.74762737903853
10.55342848817773
10.562680286799079
10.87229929067499
10.80398542689272
10.840332098206655
10.851647420432261
10.60415845342103
10.667544844908106
10.81392398851742
10.819824029872008
10.665887315965456
10.805169439259918
10.640129854211384
10.567935257414682
10.895844558418156
10.810603305689806
11.003422583061845
10.85203076339353
10.847095693111491
10.925269358795187
10.517009807337747
10.893231216312383
10.85178563341935
10.941989506978983
10.716455288613451
10.644056063710023
11.15797238941708
10.890037392486864
10.869001196127588
10.80420292618773
10.95873916672282
11.083240976110565
10.585044230831816
10.933791772366146
10.660590583054933
10.697726071324915
10.67286038797364
10.790467702603914
11.111569572997537
10.598939129272848
10.786202983545186
10.534092666748188
10.85227720856708
10.629736388665421
10.743275085678778
10.993183344585937
10.923814794323905
10.811201443196305
10.748231249219216
10.69160844560628
10.76373944033405
10.858465332567564
10.785524306161895
10.681410392932698
11.075411009857099
10.578030061780531
10.826823394231411
10.741172460065703
10.93334976041813
10.696758460677419
10.768577421510784
10.672292093055752
10.595955314965586
10.68913299919116
10.752871237391325
10.860618060172225
10.561938192665506
10.957776722344688
10.740097797009197
11.080586017179673
10.913252839674461
10.759600262852796
10.880167270306336
10.590950269409765
10.88653290407329
10.904321147965854
10.912326996298697
10.605961078340219
10.723419021947628
10.591093372887924
10.79387425945677
10.614941140680415
10.884530518913806
10.691423502020228
10.760223992654238
10.97152278809399
10.851508199930693
10.809865043018124
11.020066157917396
10.57736737965359
10.732872829825414
10.701453549242324
10.444855764846471
10.882179709841578
10.698545908703874
10.593828277682794
10.772359090442187
10.928233253197698
10.699754371085348
10.767101998097521
10.718197621529647
10.782264123257123
10.871080712060731
10.734117351045535
10.908865895020655
10.79319533438392
10.744790973153519
10.994436356610805
10.722318079682676
10.696199908514268
10.92879508703824
10.666304085741961
10.827086421620091
10.95893415151477
10.86626211699202
10.712766076432999
10.958126539812426
10.773974731103726
10.66200966347577
10.834067069196836
10.666797123617014
10.829577215753357
10.677117941119823
10.73555371193863
10.869886324704177
10.748196396472723
10.603331555448342
10.623917243953652
10.834368010705145
10.715149249613454
10.644821204677553
10.722130726250594
10.69251620364415
10.73294915409453
10.820160318335212
10.70164683350413
10.896165576332782
10.920414238905645
10.837395615122453
10.96930064645691
10.368600061511954
10.733762832256458
10.916314896767403
10.946925189138621
10.538348153693631
10.793305706415659
10.55250967185403
10.708750191504617
10.732199445914004
10.850389283675927
10.659458651015438
10.379504551662109
10.834461422753497
10.632832562999292
10.85797537096012
10.588242388765789
10.899739358517605
10.598151955610987
10.649078869630856
10.611935590710475
10.772871397411418
10.810614996118382
10.82883797709555
10.83953118240494
10.772499175361611
10.985563929901936
10.9216710918987
11.117099854452375
10.798152209304572
10.696344842047782
10.720271849459873
10.714542866731838
10.786421092831912
10.817502802556048
10.365474368040266
10.662389331707343
10.888681250773502
10.624422745796616
10.73181301833486
10.874425967970861
10.609045172635295
10.987230059454276
10.85206226172999
10.974996662484651
10.693980178530264
10.735154841049216
10.72937845454309
10.867645524475494
10.836402683076457
11.001591632701082
10.716685010691247
10.741813534374689
10.718769832899842
10.748354215925234
10.542191347969593
10.969920466851354
10.58772590659766
10.88066823709465
10.725735532280526
10.913980040698188
10.809237547865417
11.094465466562935
11.099389618624166
10.866599541118884
10.651196221466442
10.966701021820016
10.921024496288316
10.865245074367442
10.773555712925848
10.668958892094992
10.733596996635804
10.957220261717264
10.529355286801232
11.045199409810339
10.853568615631934
10.715158718912306
10.83616509759018
10.819761637330501
10.545863942803258
11.085692522616148
10.723642657426232
10.876714836420282
10.55706028888418
10.716478683246352
10.76049286272662
10.794000369120479
10.55592395642848
10.700078603260001
10.827302018303385
10.938212790152404
10.736754612979205
10.864532601847806
10.919742522741823
10.613509173310163
10.66277395187293
10.709722738443203
10.758675209745453
10.72104424888883
10.441944351303665
10.928006854472025
11.016769513381353
10.825049423303225
10.851593663679747
10.561722713284404
10.862550884227582
10.739429956316103
10.948090841015174
10.894722423040767
11.141039620636365
10.752445325912358
10.834358995285111
10.803942011053797
10.682517014865356
10.773976433090883
10.851760331042069
10.93827862192011
10.44875326952698
11.083128922298485
10.650538105898628
10.667602164148823
10.798709409435395
10.758067082558808
10.751841172087541
10.812450299742954
10.679762368360661
10.83063691507274
10.801171848686392
10.76314021754057
10.684618911527538
11.075167042642656
10.705150287057869
10.782060474617698
10.714444363081395
10.628562656006379
10.526003455246597
10.932315233856183
10.908284796766784
10.932294827602313
10.950205405700974
10.711474389997255
10.667857063558287
10.638783223742474
10.66410307216565
10.562456826612047
11.020113813265631
10.774810130275906
10.674011947123285
10.967087959927136
10.673606939362049
10.714819382821295
10.723116248499489
10.866906029766628
10.916525914500916
10.871940254571323
10.841054540921663
10.667956323221668
10.958146846351417
10.748694144456508
10.682318635147293
10.75039367879317
10.786528237368199
10.760232872683112
10.505554980804746
10.896270114754447
10.722820662855547
10.967250263907065
10.847483012393104
10.86592664210368
10.825411273590193
10.6691603821408
10.947084480268042
10.699229491523294
10.601723323497449
10.789734147115675
11.021696743262615
10.733957846897576
10.89096282515124
10.862083086351225
10.704469283196497
10.78942188138353
10.658715524600051
11.1574094958548
10.756863344465083
10.505590945703869
10.69248345395309
10.48613694762338
10.670966811994003
10.88298423249952
10.912977480247099
10.709075705767233
10.745121123947785
10.89905173162126
10.433744218209224
10.87009907465267
10.68883530544136
10.638451041244819
10.733751020839856
10.671761623569102
10.735047820140995
10.909147503641389
10.42493216583567
10.633820658093272
10.925110471535792
10.708948669534808
10.620406635396053
10.860343166450274
11.03979946890879
10.888519512862334
10.966288448015883
10.637518501936494
10.795424335783768
10.793055044456612
10.774973441581869
10.935860720770908
10.691417744824962
10.908984873747496
10.857420580295981
10.66901913640701
10.977694967207702
10.970945855651381
10.706167135309773
10.870721929108647
10.824133112271694
10.893127605825851
10.745975102407398
10.594726126400445
10.662935719219462
10.955574322630508
10.75664455152217
10.879388434357567
10.985492257574926
10.785441253564255
10.613812132449482
10.70585056800675
10.839164985342084
10.828169236809238
10.972137810164726
10.765371670873428
10.810594527876873
10.708359062826366
10.837706715938976
10.862240678351437
10.92034318179768
10.76938215493423
10.793300368218308
10.839388674154304
10.772187377283206
10.953305011278202
10.856644260116665
10.54579285726867
10.889835700790686
10.858250208360595
10.730609450602705
10.876012266110848
10.619108669939335
10.780366369033857
10.744895356889353
11.062074940736085
11.017845234123346
10.781284754098948
10.574598999739466
10.765044868258979
10.850146417754663
10.810590318273883
10.543947245405834
10.839127632863116
10.780131865945272
10.787529856284571
10.724012046185965
10.833318834400139
10.744136880847785
10.733833222323025
10.809006869048737
10.760148715990232
10.759396813054838
10.818792556838787
10.671719708672788
10.647644746268176
10.850767313698087
10.633609296861241
10.913238463503214
10.77033470357733
10.738810951654836
10.67327476768099
10.938034772037977
10.251034401185391
10.798460099608997
10.681714821040785
10.761102820233784
10.886336226136235
10.483431500992134
10.614239962920363
10.73321194581137
10.717038224794832
11.026161975300006
10.722132954172094
10.694401975863787
10.915060218573561
10.591014113488477
10.516453576958117
10.634762973603381
10.86638341847202
10.942519188643185
10.638389747753909
10.989170485497922
10.65515181561756
10.903023572355773
10.585035983894961
10.597712039519148
10.758159697110345
10.532878424853365
10.93058384478911
10.665344204958698
10.663272709585344
10.769522797393615
10.937989488667654
10.933671099691278
11.010833244784342
10.773326250919448
10.650472591906498
11.02370528126208
10.898589249989827
10.8115367208088
10.750440273397807
10.54480633867875
10.603643013602685
10.859172476469034
10.655705671674566
10.789106592241287
10.790306838625805
11.220899406520664
10.461550206836552
10.72364774374576
10.76585149085842
10.671377160256853
10.718283820236808
10.68935159487097
10.721265713403877
10.473022431497595
10.870340369624676
10.534545876802575
10.900908651921984
10.718105535545659
10.87891798305843
10.479693783294561
10.857714392756424
10.660417853427617
10.709464292326428
10.875767389561105
10.628336491925511
10.82958459480433
10.649107432204612
10.882464306806124
10.598394094650969
10.646245770162485
10.56031363153976
10.843578030874655
10.918624860898065
10.71716912333207
10.787450129790079
10.851901048652953
10.567786559844457
10.85947253614143
10.675390529964048
10.580154102393298
10.741428461311957
10.73355967606795
10.412178687171084
10.364416387490158
10.839690406396041
10.930596844494467
10.683094724130394
10.588013956946599
10.846763779227004
10.84326636481672
10.545150956532265
10.738002628118412
10.775996949582703
10.872677750116578
10.540128528062851
10.721230767758996
10.688963159533536
10.916015376852116
10.826963197269512
10.751550188050365
10.800317360177747
10.719841350311246
10.853483573828465
10.784832007473545
10.78410608849806
10.760677016163854
10.76981166486978
10.729507737672618
10.80981623205383
10.306316636474355
10.83862194927271
10.839947508137966
10.662750726571293
10.678503348631319
10.590616605483133
10.671229524819644
10.64896233473526
10.89951718301249
10.879925177186804
10.659652499883817
10.713471261687808
10.862201508436877
10.672715299410667
10.848751117041445
10.787079164390597
10.68683277627521
10.67826293098391
10.852732100600038
10.743018183724553
10.620373598550623
10.629328509887241
10.841394592436497
10.394185654866511
10.69061559624542
10.692277667626817
10.550055268909048
10.732865465289906
10.523359025828931
10.819120685242236
10.874349074592422
10.615210985573494
10.768534733392539
10.747370795969758
10.579380864346891
10.510967769245912
10.606466061752009
10.69431736669399
10.714948741453828
10.846568238558215
10.722356745297665
10.778911656567082
10.790987376163695
10.754073046863743
10.529062998934032
10.447574375717538
10.785667484617441
10.819960420249823
10.594515275363845
10.654164623682641
10.558723564082056
10.759170847632355
10.801455257916558
10.627813106363451
10.721215578697748
10.836987172626046
10.693373881164197
10.838406264782542
10.690560153816287
10.52614758447327
10.986766761056662
10.689796296881418
10.671218928109734
10.798398803000389
10.961159167617712
10.885753629177703
10.949863725279872
10.578768361915158
10.76880965682954
10.788706545251193
10.773750247179917
10.723533132105825
10.796993281809947
10.713949364999714
10.954113117665125
10.828654834460902
10.794316088342395
>run500_1
10.864019516557695
10.890066080091778
10.790089277362243
10.871881369573087
10.71911728070916
10.918373772171796
10.729764914551936
10.919124021378902
10.82923129792767
10.94013483025326
10.92379091465393
11.095533857061799
10.992668314152144
10.897750772599776
10.879268432856055
10.668473711198866
10.813164053597069
10.809823447098863
11.018101277769754
10.66263735438346
11.187071625893044
10.771331493859895
11.310752885762366
11.129395170989689
11.09470536003075
11.137984811378859
10.96001011358996
10.74516431784411
11.148366246685095
10.829007501567498
11.028698140758092
10.946735094345051
10.978317440665215
10.951251073111234
11.150620203318766
10.846798856021229
10.624742873148026
10.819626661092782
11.057469495958593
10.746245158878878
10.713097519099543
10.774552266809152
10.858888285194007
10.770325600432914
10.806685194943258
10.898913218474128
11.187189634975335
10.996363764707942
10.806762329821122
10.830237037200781
11.021514626402857
10.9074337907655
10.944212098508054
10.815316724454025
10.802594955458318
11.146591572341745
10.988608992951455
10.700154774610267
10.829560715180627
10.620129775380784
10.73003913735882
10.827501863106452
10.728405487548724
10.828378724053403
10.947129602361462
10.970610461631082
10.731172674753086
10.896108873888837
11.08814786971504
10.922225004124218
10.84222009572994
10.921896800199322
10.972849609111648
10.599231346217909
10.869251277692337
10.793858347470007
10.841368430326233
10.76720354562832
10.470488248317412
10.97864414003953
10.883103312486693
11.04168931353057
10.840708927965185
10.621380673782468
11.068058802231777
10.959154471271713
10.613252129217194
10.971157418282237
10.838769860350498
11.037320564984443
10.865517601868056
10.75279273280583
10.68428148240948
10.826081420570528
10.815866358670668
11.091411700914389
10.972655315193292
11.166831504235661
11.170694667240728
10.794566208445781
10.980538496440845
10.816469906754206
10.778551207093477
10.828022378818167
10.858273781301216
10.72475474749842
10.872433718779128
11.112779169959428
11.06779130219294
11.013861471158878
10.866195685209789
10.882799547877013
10.751846989249152
10.956566418835218
10.794433119269577
11.096332514220125
11.123013703243451
10.949903990699903
11.00507492524012
10.923530358204847
10.772513452226255
10.930176127678699
10.759504507739896
10.803330424352591
10.906813094547754
10.817707489263535
10.454528979195995
10.553973470866287
10.957326065339299
10.363109632428003
10.991358126330223
10.904154893392025
10.436561563284245
10.726122119589949
10.589875625379877
10.905489081863728
11.135585951880143
10.916992916896893
10.619385718330733
10.72193287008232
10.836165622877994
10.457998581714424
10.814639678800907
10.902166516776626
10.830686976436539
10.76181544099147
10.77156075493311
10.45475415926274
10.864235943886191
11.022346585321483
10.616774349547068
10.754522246428692
10.55049757991477
10.588481650673595
10.708263779206883
10.834290553192725
10.906401011043807
10.34633318385069
10.695597159000481
10.861690002025622
10.751518813374238
10.391015627264457
10.650582136408874
10.56297912897571
10.5648196142905
11.00964309760276
10.888138461927372
11.051114403824299
10.878766864442747
10.973510398609955
10.836198742907666
10.849112495746146
10.997997285518913
10.768086544526941
10.770301897648306
10.895559409830694
10.701578537031276
10.901879719316806
10.662223977978051
10.812528605972295
10.797901723109067
10.896242904418477
10.725597457698154
10.938138016181886
10.86714840908452
10.719919881023385
10.778446512463482
10.655412517765145
10.816110107743182
10.870107397327452
10.93162733785107
11.19991154122845
10.56083321884176
10.655234169432156
10.567405387859747
10.748340035532543
10.937607906841546
10.975597098204478
10.696106660050223
10.819191528567302
11.010926287176193
10.591376109831582
10.684856241430266
10.965062187638425
10.690368656686617
10.865909761189211
10.764312902706582
10.731999029666461
10.761494505648388
10.646055793658242
10.57874688247938
10.868085338684752
10.795445577606024
10.935875212079887
10.953789523173153
10.90580003085231
10.989990383815268
10.66230196064876
10.980711765719334
10.905201769212951
10.863249577430446
11.065946760281923
10.572872280397956
10.793138953960892
10.813755788939455
10.927429606264576
10.712390828090347
10.669959914496792
10.471176173993346
10.720383173896838
10.948187888235717
10.87650526197891
10.855705351830439
10.730390829825241
10.947285304569338
10.999933878512792
11.06432590961519
10.97485460063973
10.808686308636242
10.671185915211938
10.701778944694137
10.857618702958277
10.884146077331586
10.97040402940476
10.911824291373698
10.951447601412685
10.823945813094987
10.895125996353263
10.839838559598334
10.85913979488306
10.855339486006061
10.859500653618339
11.164220357041911
10.797891681179753
10.795839217350416
10.758984248864387
10.57763982479584
11.034391838797987
10.745842363075514
10.849983588786335
10.787274922860242
10.86382503746915
11.10448656569988
10.995251643321037
10.879032346758528
10.833543554769765
10.949231520273173
11.027106637527625
10.979063482318876
11.006673386967641
10.704113419802171
11.112782625037136
10.931502839920116
10.660468143234556
10.726284248005479
11.11849788753217
10.876230084382717
10.8007328970444
10.730005621500803
10.748194684635997
10.789702986856911
10.716731734692104
10.718807394593465
10.830298995325542
10.809474708419158
10.831961104864648
10.599654796791247
10.917526222359307
11.02161469775381
10.616400482545458
10.76642104253234
10.9234345921258
10.794478765893
10.761416532310788
11.01053064968686
11.03410995244132
11.041560233274803
11.076861322090794
10.800584496018715
10.871565983868337
11.001039871418396
10.731001770448886
10.687808413740637
10.88557208992666
10.733942689731881
10.693229717093056
10.90328873279194
10.505485221836938
10.743426707233814
11.052738094517544
10.856086663056114
10.765572455126222
10.69202763919375
11.042970876598888
10.838497357458033
10.876721686779204
10.851531468863714
10.720588377860278
10.969554398094582
11.074383706717795
10.849150805215368
10.876236804181726
10.828194481789142
11.018213750299648
10.815636364562517
10.832751090245127
10.945908278813361
10.783844484693518
10.766929060565586
10.932251341646657
10.555863494741178
10.785837169170248
10.914558071841274
11.162333446744785
10.762380483571159
10.776789679105887
10.630981348402612
10.66997780266846
11.116052244921946
10.601402184627707
10.793395915977417
10.77326004735403
10.643755980613916
10.624076800396466
10.819306787181004
10.85333000596032
10.761268500228697
10.53577511554735
10.763911875286919
10.899450567374334
10.744208825040845
10.41647578227025
10.819672834073572
10.256558051670927
11.066790165798562
10.648951416299667
10.617931006554796
10.90797620662286
10.77334541915109
10.859869401766982
10.831906697412013
10.763922579493222
10.691113613853021
10.843666904076898
10.935820855996505
10.72238077057935
10.77617921612017
10.963985100153035
10.68689055569797
10.746726403039844
10.434504718107767
10.656286467066035
10.948080209847836
10.679888583852549
10.699459687636994
10.62798552609
10.928525294721386
11.021662491807513
11.034792536273265
10.864271409731446
10.621586719458778
10.806839385057717
11.156222374025234
10.98029835800274
10.907753656227435
10.672405764848206
10.883644141256495
10.776573904323746
10.964897420657055
11.079013953516288
10.791878802243316
10.859777717087248
10.875163205679462
11.02283935013354
10.757856773218265
10.824058462194916
10.59469607590577
10.816187117921098
10.74279183705126
10.759525940558259
10.79482073794978
11.039451276232608
10.900451292358845
10.84995535329048
10.811934072946183
10.876923796970258
11.087784916366788
10.79867358191393
10.781148414464353
10.703467738395943
10.701153842901512
10.783804372368747
10.821863131398299
10.616117507498021
10.854844302900565
10.80147274503371
10.888364059046664
10.837676535563828
10.609142730022185
10.762096587421626
10.668909705325
10.95191091020948
10.8370037456707
10.903257846464308
10.753759379994884
10.83983399244948
10.97702534036964
10.852109465656392
10.617346121902711
10.820806579684698
11.006762478092112
11.10540390690283
10.697882131877863
10.897827241510985
10.784834506347922
10.897182084239267
10.863211749442826
10.606353033535616
10.992997366398717
10.559028400257537
10.785998319983992
10.841455033222362
10.862011068970288
10.957155307788595
10.856747844794452
10.66212302843476
10.893696478347549
10.974020731874642
10.783988919941756
11.028115553887785
10.942423209913326
10.779326723011215
10.86786532804554
10.875713224190065
10.784625039318174
10.84822290503675
10.894197455711932
10.707571619581996
10.768345850730189
10.62342679640463
10.854756343467743
10.80164017428525
10.838416004387609
10.891659694720722
10.907267192475452
11.00308861898449
10.647292240645529
10.768489164652005
10.753365071792945
10.532085400963773
11.04988616949021
11.056567653685327
10.852438379941805
10.845846333272743
10.867993530486315
10.469839338121574
10.908155208191186
11.226795304291016
10.815885073791442
10.926917133608729
10.690901330306552
10.78178663095435
10.804394187583188
10.808811205155356
10.827858960183516
10.901534812286176
10.91742161457863
10.877055984232342
10.893864343359551
10.96225276968117
10.6188877783894
10.767822588788068
10.728313909171446
10.900547104199212
10.994829592855028
10.63775528475328
10.94555564885437
10.758683021738712
11.031076112483087
10.785889638649305
10.691835147846112
10.84546141018728
10.789190057982912
10.773290993761186
10.889666779419475
11.001219258258562
10.735223470328354
10.974357668908732
10.7675234187672
10.85152225867736
10.740887251540876
10.910843446254562
10.550860496227688
10.85791459588229
10.743208528136826
10.864977784095029
10.824590053901831
10.663819595167599
10.731595692227826
10.927629837061392
10.925854304341
10.836331159565527
10.833936198535861
10.90710215792062
11.196770627757475
10.574997315207934
10.672622674123659
10.76228533892385
10.885423103114535
10.821379446181211
10.753794411536196
10.740016639015186
10.654930121259007
10.715033652733851
10.755803633194134
10.957426282300524
10.819192510331602
10.636609204845925
10.930504334182912
10.857279727389647
10.667994029503504
10.972912090179587
10.80481706647782
10.801747094192086
10.922514110938357
10.739373679241146
11.00619998962369
10.812071133282622
10.790322491083591
10.618188898359215
10.900391727181349
10.818807139978144
10.616861746194788
10.676505895543167
10.622847416989423
10.651572559257001
10.815167985650465
10.976626286135147
10.749017714511268
11.094980533164955
10.612762100076646
10.77161218153445
11.05538276125479
10.607864700167049
10.580749803695213
10.70081958308074
10.548531414863032
10.614817919103237
10.802327227513217
10.834426578917979
10.875793975352583
10.774374947744656
10.998059763857501
10.600563265580927
10.803723587271003
10.566702207110243
10.593979968218143
10.737607045372908
10.735687510236952
10.708683234114558
10.963559491142354
10.65381099821029
10.953970515815133
11.070210295682637
10.885542188145578
10.678996796034067
10.857220577418955
10.736992116490025
10.949842104245043
10.90708996571673
10.986444504952438
10.666395080349066
10.644744247274039
10.96799642513535
10.692024635424579
11.048510259132472
10.938158002061492
10.794555155700568
10.57285648452143
10.970251394282391
10.569083197162662
10.944381020306313
10.643985669767355
10.632626773944931
10.602926767644144
10.766359508204093
10.379086807651275
10.662802878266797
10.789641894899956
10.871393142948314
10.859275405841611
10.692070544567844
10.768171076853735
10.851358394950443
11.123501273082475
11.022823954614333
10.929353449810915
10.860912440069683
10.774707092358044
10.732704748877621
10.650162273949226
11.081450182289915
10.755748823545137
10.626659716888973
10.68355129004539
10.813420926857283
10.767919283056456
10.519102733437265
10.824969783717277
10.747586975160663
10.943158001162754
10.823879234202375
10.743554865193625
10.78999200703712
10.972191061497593
10.91816829883532
10.556887001404721
11.250856093201492
10.834706110645397
11.005695883414901
10.811091658955428
10.853181849851524
11.054737086852272
10.835302181499046
10.931997887493042
10.831973055438139
10.6624619089809
10.730994450000438
10.774710121181842
10.806940599966977
10.792516157863666
10.73486636899803
10.822864834479919
10.569513761624595
10.58319441691182
10.727240057683787
10.683884657804644
10.854089377419704
10.734848245930888
10.580932834723026
10.95392913644093
10.674547747806828
10.716928685618825
10.756758724472965
10.662456622854544
10.742591464007852
10.704690950887493
10.945043256799275
10.808680378886331
10.947828504699798
10.79506041594484
10.801754682188074
10.93086093066992
10.72571498561754
10.772003341280103
10.618058983988973
10.92083364181982
10.854438962041517
11.038898999996128
10.74543817692019
10.886029047332634
10.84909718835214
10.840491154771033
10.806040368183318
10.804575397775244
10.952794074084592
10.966355888988536
11.11897620842913
10.770743752939163
10.614504702521842
10.663859733705795
10.8579838109129
10.717731162794884
11.053820929426074
10.756310162828767
10.735040455383563
10.752607707987135
10.790842588805969
10.96193806106553
10.874529292234214
10.653323708146246
11.079921822653718
10.556265089942784
10.683083319623524
10.713598990405215
10.859425451047443
10.712399885697884
10.711294599475103
10.830796142046575
10.834925286664843
10.474927261196866
10.867750665414587
10.680046191898112
10.78876984742118
10.804766596681564
10.659462701047746
10.91489529908933
11.017202309646667
10.8307277793756
10.59199347211786
10.87993383938488
10.737479576727429
10.816870634182552
11.024800149621464
10.618257099173052
10.86822943837727
10.796788807953476
10.543668499080772
10.539574714243065
10.910964386526729
10.737987348527804
10.844433865315741
10.639717576917187
10.921841346729465
10.754313688795536
10.623038945340507
10.755139035220479
11.05035492122193
11.022004485539366
10.96083411169644
10.589581408416747
10.959196582206719
10.682853728730894
10.955834936572828
10.504814128114795
10.926198041958362
10.666196809109147
10.73301646492264
10.733973707734576
10.885066679726908
10.836070991166766
10.43304586704039
10.784062427802775
10.828621642117021
10.477449249732095
10.687451623078074
10.894145140048245
10.751055434996834
10.549565064890132
10.526246745449441
10.990269459845827
10.622605068612861
10.780791934148937
10.766460015335205
10.664997339412363
10.719571967586838
10.768774193591351
10.740823908910707
10.754715184199194
10.625995277216088
10.902939949780537
10.8930437406699
10.994628871117113
10.546848118955653
10.925126390498798
10.643365113802162
10.691323316504302
10.756378431564272
10.732734509200695
11.02712127203335
11.124268002012732
10.942516848713925
10.71094400359814
10.728066981555685
10.940223909620315
10.634637009334336
10.630823322739172
10.591507465142794
10.733825822004716
10.724512780217584
10.819752036986744
10.632931089416772
10.764781036573044
10.923360078394484
10.98457503877671
10.731667472332457
10.801256105962967
10.711376019801381
10.627850048432004
10.822570527191402
10.985256513845803
10.781760784263597
10.754544152829132
10.9553542214089
10.472797658443252
10.840733788823327
10.98374045181212
11.032844220675333
10.708443503028603
10.751664002383965
10.663303511719645
10.582009154742206
10.861565978783094
10.798198853986717
10.707123349800929
10.903058276811436
10.7704669576735
10.869151012839687
10.887459753166798
10.743331876244028
11.012384414376635
10.650718268675194
10.877007483225881
10.982832508945254
10.74818136908293
10.740049183951923
10.885016849042469
10.576568555953678
11.048716485919506
10.682012719442778
10.852832729136818
10.847511403247255
10.869041542632523
10.807838436810993
10.891042798787522
10.521209585737086
10.754985588201269
10.66736720019085
10.63263799957781
10.825924573630337
10.978919365301469
10.768721745420903
10.781155064634941
10.50251586475095
10.73683903564622
10.481584738420752
10.721567202563449
10.319738789660182
10.930728986229616
10.914418761451534
10.669868555883783
10.62530498950351
11.157991700994685
10.762261718842696
10.917355967737166
10.79408075649655
10.889395556788372
10.61980861895846
10.8190751120982
10.83220056687183
10.751356933624882
10.899462379911052
10.801497216681899
10.773486413000763
10.927046185071104
10.726940026931308
10.34350050364137
10.873338440490542
10.805301691534698
10.857229400567439
10.691142672783199
11.011581786873021
10.691232394714019
10.662092101578319
10.767536564914298
10.593643810105883
10.71189975857248
10.699960707671947
10.888500540434762
10.909580022237547
10.87267767804161
10.846137832244176
10.619732806762771
10.68052310599608
11.060553611849736
10.514449578545513
10.666633524988825
10.770124072251091
10.684185322002348
10.620044288031268
10.94190139224051
10.739670216506061
10.826218099033676
10.974405945103666
10.794892784034387
10.767590645514979
10.775840646295972
10.800804516206558
10.829999773423769
10.895244911862902
10.905204132889331
11.137468520810067
10.870401244334184
10.96092168330593
11.07067611675422
11.141495543918591
10.903617317521167
10.739374210250721
10.67096981207295
10.757262518598957
10.844968456922526
10.512729690860946
10.894203171172956
10.637659204127672
10.458496793057936
10.918647187221254
10.553931446374815
10.533117101526111
10.54505619084823
10.836692460424395
10.646773729306279
10.85275737952201
10.767890904815525
10.594157542159802
10.508064626400856
10.715919508057311
10.523968941960897
10.633749512791619
10.857406264760282
10.65096604233716
10.972773898473974
10.76563653998019
10.564981403687382
10.695291249285063
10.524601574345319
10.711316442758509
10.83698873774828
10.632203355804736
10.468689801031793
10.313957012968682
10.848471756425853
10.763843805170358
10.683501877944044
10.664605642123949
10.52040526942445
10.455164570955676
10.745980198484117
10.54295595929429
10.779475549467618
10.830160401719583
10.747115690187366
10.634710745852558
11.038588958280277
10.629886083616045
10.862062331928213
10.770596268170847
10.977336939744164
10.87947097261749
10.733608586483019
10.825703055304382
10.69992266288115
10.910218926216594
10.707617916108038
10.763965657875758
10.720272127563629
10.705684510686044
10.908084723830065
10.624509455358224
10.709337181873773
10.604846137314707
10.638714500492695
10.644647117315676
10.78049131867486
10.370803926098445
10.652632357011923
10.841184103372631
10.666985115726604
10.816850187497046
10.668082643521542
10.710272625753584
10.756649372254756
10.61841423879351
10.911842943151083
10.633179118165193
10.502331141792274
10.944975075489399
10.730992765774086
10.546765572092053
10.679683954980405
10.67174783077489
10.879776332834158
10.60966161196599
10.757230581961865
10.47289777650278
10.913852209608907
10.822850707129552
10.656320044587568
10.73284545287245
10.605410185642977
10.578705810163845
