>run200_1
11.327819037820348
11.327793449393738
12.054042451638525
11.876238897863175
12.271081323293343
13.104284258770857
12.580057703908123
11.701611744992409
12.076356534247672
12.055616075586258
11.430185409131017
10.610653730033091
12.076631253544617
12.419287187789639
12.889480720396769
13.44117349437107
12.64814713820557
12.516580081057258
12.849320801299731
13.772117157487463
13.548633015086695
13.003331369572555
13.273936559530068
12.749423070148676
13.331528543472533
13.652760603622188
13.22462764163588
13.19673653234187
12.10984719014315
12.01796523320621
10.900848210953818
11.363716070148799
11.343713876966376
10.876738847393007
10.016214825398905
11.338618990061457
11.287127414003448
11.305625670913614
11.33712731636933
11.272717801462221
10.762932519028674
11.452190653814677
11.13261413303822
12.68180371848779
12.175667118867569
12.277679810518608
13.30257421793161
12.557449130352408
11.419322516885845
11.468041706772855
10.70085853331587
10.637868583648585
11.30478159945866
11.53909167017903
11.573769671006545
11.296726486946332
11.272686767147082
12.527240139425498
13.351627133107078
14.02550935762287
13.1871470384803
12.156742182510287
14.317603267578962
15.026343024957361
15.098815061163178
13.920686354037947
13.717263861882524
13.529121938729503
12.78539570344569
12.150948498499439
13.19665996832669
12.548680742745066
12.866018879456414
14.190282989641753
14.136400676644202
13.789910312873987
12.792619748470505
11.988011022573424
12.362412447989076
12.590206199706772
12.829151821002753
14.641231587427301
13.878372640509085
13.297505011014412
13.344679092099492
14.535914085466958
14.536963188402032
14.939395411147784
15.058339177869115
15.02734957337865
12.704044050632428
12.300085694842736
11.351341940815717
11.87247638301151
12.631928638816877
12.835060466107244
13.456377769191066
13.456978591248696
13.108328094008053
12.114064450423387
13.243853525309744
12.963321327898688
12.50866404989099
13.217662400451411
11.769242548465813
12.137477878185747
12.156176832939368
12.809460956575402
12.616526850811228
11.990139395345995
12.555467561881972
12.272504500034094
13.383633888171921
13.263358802774487
12.717422915800789
12.152736272689678
12.499004287906342
12.661720885849087
12.220661085476449
12.979785620720044
12.419382842768698
11.925341132309793
12.010563828363285
12.685568876128887
12.915878992975756
12.98891142259701
12.570305534989432
12.291598715614713
12.334270266889748
12.755550530702113
12.440761263418155
13.025322700661329
12.848591158408038
12.784564358731911
12.384228077300582
12.09224559647156
12.618709588672075
12.384903168543484
11.770260460016834
11.580391964642242
12.945112986453243
12.557384454525954
12.236092983899871
12.626741231801006
12.025195905177782
12.522994145098531
12.937692603932218
12.019855918313862
12.297209832937291
12.085421043062947
13.38656795665476
11.944420944611426
11.812213318721406
10.682153762477327
11.081816575540673
11.615581272346146
11.806516760915832
11.91316149583143
12.044136756522471
11.120970853379083
12.160048770103998
11.554339271562975
11.056038480451305
11.867247441900098
12.074098235943614
11.332896013856026
10.273510341748395
9.962753564835314
10.652465564865757
11.044842021384467
10.157148377884269
11.149542962922478
10.748219584629137
9.761194065266752
10.718215311534435
9.931442537991797
10.901536513964002
10.55485419488689
9.882409083721837
10.546807005909397
10.694975251869272
10.415317169743826
9.868809621209955
10.227955101367511
11.023392099427431
11.130482318173817
10.648561536878951
9.564369671158833
10.263987218394583
11.211369843351836
11.293966192699726
11.67799569700324
11.516718283048577
10.919593524895397
11.434433060444084
11.28577777207355
9.728143905418541
10.616547212442798
9.945937196427527
10.160686051559287
9.734466185609612
9.694808677105673
10.880177240483416
10.71377716139562
10.281733078812424
9.884951360567241
9.977779371179714
10.400255736442167
11.191250250425849
11.3837124754525
10.937010016372154
10.944481923713333
10.039262308039635
11.710834404274033
12.477669487521469
12.863917979354461
13.412923790536126
13.727523639109291
13.23177323502777
13.870007147107138
14.05911544605145
15.380082588080361
15.613082261146833
16.110283973279344
17.236986193955484
17.470985474139074
16.016317388809824
16.468351130065447
15.95270285259765
16.59238935576702
16.244929676023556
17.283557661479882
17.327828463679037
17.217195766449716
17.06021309179622
15.905014301958952
14.767990143482807
13.487806800992537
15.316396820584835
15.464570531168324
15.862502283219932
15.624271163590457
14.958722041806816
15.66506822341828
15.426721964662681
15.95548675230144
16.40242997853015
17.52848890852435
16.534557832773004
14.834209849489971
15.32652943200094
14.465207683800042
16.092721656964706
15.684345185027835
17.21812313483308
17.230981413398183
17.711731756419955
17.61682461752203
16.517468613770394
15.621318034857724
16.373971889514817
16.325409056678584
17.482872322801256
16.65455218729613
14.654868210524922
14.61944243561841
15.983933806701929
16.880419561060307
16.995472215128302
16.618434687705243
16.7342101386899
16.683951656908743
16.537456754103896
16.261536590843317
14.288823278235533
14.718357554081608
14.473369563029912
12.2687188633079
12.962387247374393
15.458697001063875
15.492355019072116
14.466737259641267
14.316386467133414
14.909042804527202
15.763034322819317
15.98822118700996
15.311654722773769
14.712154299301053
14.088465447868858
14.765980597166516
13.161248191379974
13.907973982443812
14.166036964858328
14.214242767779128
15.211184703163402
15.662393703794372
15.549650087423327
15.77791857855171
14.916567535787859
15.002186271331539
15.242186824888035
16.185949756746968
15.326327621887955
15.616270518672476
15.49332484418831
15.775471816532878
16.22989279494698
15.471755690416604
16.002297774537205
15.65882868283607
16.068956341520877
16.872761165573994
16.807423133646783
17.620637913369027
17.3251326939154
17.158888914280492
16.50218450237223
16.408561872478767
17.10418461534797
16.28768928572423
15.63119447385449
15.85056237378956
16.095482812009127
16.41135143747462
17.647610655256777
16.48343420704403
16.469593289808294
15.864020540378412
15.374029746584512
14.56188423276701
16.117943273506384
16.65618801121295
16.85685588396493
15.828323371821508
16.62445563032674
15.970076698415657
16.375952233599342
14.736904899403097
14.450297740478424
14.423001781437549
15.06686654059287
15.142588433241967
14.560403971805838
15.419713288895334
15.156527783376022
15.136416264038663
15.37355513391038
14.26879638052046
14.662253045794724
14.848066994039261
14.264948540946039
14.701637391413481
15.600025652061793
16.002105802021674
15.60277864837859
16.259386843271468
16.525600474881966
16.90848264547113
16.450683624165936
15.783568560416663
17.016793743690993
17.454642758230626
16.96016185108344
15.80621073958218
16.06329174289141
16.73859212342797
16.922210961455665
16.641146450091217
16.504501580329933
16.98391451816992
16.681490367308324
16.583255069631857
15.899593484429701
15.961750448452078
15.996587715923484
17.52867873591278
17.324093184974984
16.666953575957578
16.879863898791864
16.64177657368893
16.45258943209119
16.4777867158433
16.396456070949835
15.566184190479648
16.415091582685832
17.62751756646007
17.005695612856858
16.897231907121064
16.074045087617506
16.259397237044887
15.766060563747143
15.156876463050057
13.393623805207403
13.463695366339886
14.155556746584026
15.674441979747014
15.989393998541702
15.511788266242343
16.34327298134855
15.754559033120325
16.440849595398703
15.83801213758948
15.829629230862864
15.034969638396948
15.565990390804124
16.153761418127356
15.3469275548663
14.87124476942747
14.650025365765794
15.265746515117305
15.817417321292318
16.15342027170913
16.04712668127963
16.002364317963657
15.280413908886926
15.286176115589713
15.661836126367012
16.186083777614446
15.812061119833892
15.441142506302736
15.53585632526773
15.732785465677187
16.269599832599425
15.370997063469058
15.339230932215656
15.298038547208431
14.399394261594917
13.724038377834496
14.809536757296941
14.915878720978869
15.515683796270578
14.456860538764039
14.12719038942165
14.837249362036426
15.61342518336967
13.679191392760048
13.629291231951047
14.964210218923142
15.452567589855615
12.447847569733312
12.674144657047602
12.613514036378835
11.923743119762188
12.338417137983358
12.595082746180108
12.563868597698537
13.453701583286412
14.08170268780527
13.03853509971127
14.178815697546655
13.92307613745723
13.258326998157969
11.816410816978436
12.692557368258038
12.533548868138432
14.243431863750066
14.502215371262213
13.638797049729835
11.840421105522607
12.237574147690514
12.528134626738606
12.036839482050931
12.46238660395479
12.815181995790155
11.90634490984959
9.521001398996182
10.796346842545578
11.750350631848317
12.535408832402286
11.371229424170664
10.644995141746477
11.471153700989523
13.003883601000306
13.497839801882971
13.141218999450317
13.503029123566268
14.218211862220118
15.405782781757516
16.848302589664232
16.048616047081186
16.05652150821182
15.214715530173201
15.430030036375395
15.44286651613714
15.97969054168889
15.232386059493239
14.001306255207131
13.723694533922004
12.721131064465117
12.086539769753205
11.794510739310017
11.531996877062834
10.984309316041239
11.187374734772993
11.67066789997045
12.105886439170865
12.27059216519186
10.950830469539882
10.39303062757611
9.417231751263522
10.288792408733217
10.042713756041206
10.494237916422616
10.862351019316028
11.604139680123629
10.714965883703252
9.890822530396562
9.944183682368026
9.41465718611615
9.579245098004945
9.42760440591043
9.33136364026401
10.704866757881762
10.356419872131687
9.344814042005344
9.848826644451876
10.162243300362299
10.794207258684015
11.719313500325216
11.293021561502634
10.69495131788268
10.873083306692141
11.438039156824244
13.338544172138725
12.47225574267685
12.153176974586755
11.297964477114986
12.080917381689876
11.41790659774358
10.613658670367517
10.711596872266634
11.386461824412075
12.385878795578085
11.926414960161269
13.03196154317099
12.695694617306426
11.159997817834396
11.33832609514654
12.161288019459361
12.957048041285235
12.874712897634383
11.527745200605272
11.67917978091027
11.299835994022535
12.12316122493116
13.779029101292465
14.264952560133361
13.613313009898457
13.073456029617915
13.294533981377196
11.921414345918597
10.38665021622981
11.189134884409414
12.461045434537514
11.252270876610242
11.044453586856116
11.723349640507003
12.197119399707542
11.890630046070596
12.71455489972426
12.51226756875703
13.22272863395822
13.479705860786165
12.659135966197645
12.808204598489423
12.223874548686751
12.679684729565837
11.247150295832428
12.659217684278472
14.171924324514068
14.349099201546483
14.439813464931941
13.512370238040553
13.093158603809034
14.082385095456827
14.85126559462041
14.25770133197225
14.66988265459634
14.970435542992044
14.345398662844044
14.723148623814398
15.613287802157785
15.728129148305149
14.839339637387715
16.527583879543485
15.749854030031422
15.739172481619807
14.65032548384909
15.074421210773801
15.890436020820834
15.812025849531299
14.630573376217429
14.161997210153315
14.938397653872451
15.831146424693586
15.239434914411293
15.577219133426812
15.682623508713572
15.09456590679536
13.922706592885554
14.322774594110742
14.351402180580637
14.665688785431232
13.980934356342685
13.29254770579822
13.665490183477946
13.707591719357149
13.27064880622219
13.833772546347928
13.994832875878114
14.895498762407087
14.972664391194101
15.554426594212236
14.538629761016916
13.114889453459492
12.844983211118805
12.961923234290225
13.072558540313953
12.733993791659762
13.368131672006644
12.985843328905785
12.676497537717774
13.053926920150925
13.845429998657119
14.274314740933988
13.00729559115624
12.542918171141828
11.461122798050326
12.117166039833977
13.463878053584903
12.044121408874535
12.431477034827344
13.938446742096218
13.10083397247347
12.225238771363072
12.760610663594225
12.019600882617294
10.780039472286244
11.32703369715909
10.708488306806357
10.377502028569468
10.335863470074239
10.751667592788866
11.571282501974695
12.613204909936954
12.797273448113677
12.805319761032969
12.68943460835678
12.099420080855575
13.249670062985327
12.54112810627307
13.754605206680582
13.630697149833447
13.385209940234576
13.406969387171994
12.992419473982128
13.214847688791501
12.758369029962843
13.177335256955667
12.29074714875411
11.706407169672643
11.728213164429826
12.293177595772502
13.029222256830577
12.716460791144003
12.099953701858036
11.887913706777072
11.155380570520686
10.361993568811867
11.293519434307381
13.82208792234706
14.457853878512925
13.76225292016518
14.176621302537344
13.823887198813944
13.181481623140629
13.201438843559663
12.986323349894644
12.202816143429011
12.61210629833555
11.497526283750341
12.003695980664233
13.058908131403381
12.823035688814118
12.586176186510523
12.128731049167692
11.08109490903502
11.996869717122692
12.618605571964885
11.772338238673028
10.948214796846859
11.494749614741373
12.564666758149635
11.77595095389468
11.68697975209756
12.042318549079104
11.216920590926131
12.031030736399508
11.77459605314114
11.41253054740387
11.21510338334038
10.842089195735621
11.399008308326163
10.490434466425288
11.120637742140037
13.021412835671116
12.378017732530331
13.042483501679122
12.617616734959705
12.124071361893227
12.945634624436371
12.436661813242027
11.086169938646325
11.036035362950846
12.04606867709237
11.096022780921643
11.893656339708926
12.608072858563304
12.313971061946207
12.45088152795158
12.585359867101708
12.02641130386807
11.951132870460766
11.9404572912461
11.339671612834874
12.196832286368876
12.608369513089459
12.456271627054063
12.944499839204646
13.201925963169307
11.983909508990394
12.855589649921917
11.947065675591361
12.34862331585067
11.42827398073454
12.106107116872089
12.584259894114972
12.808532884342405
14.139158693976043
13.225973267362411
13.360183008474582
14.138448206772852
13.49070117957046
12.982926342224424
13.554192804276315
13.046657786134228
13.342778347225371
12.967852934319247
13.646007127853094
14.04165707516391
13.755459955649778
12.428483058153137
13.490458372424246
13.079937473804453
12.716689910906187
13.021414993508397
13.022288058973599
12.163642154066133
12.568254704928911
13.308452650249064
13.415975982093888
12.911732948985412
11.65536233149607
11.829255905850072
11.764220725238818
12.683366085612883
12.478150758509505
11.064297319317738
10.353088452748612
11.480747740495831
12.137094490737859
11.445907420363955
11.776901012104597
12.067725808554345
12.459113875685317
11.564492891321262
11.535814141380625
12.588348842038098
12.073650389747515
11.921000010253028
10.815090375903095
12.149356822726567
10.982414939345862
11.978954544506621
11.583697752125268
11.689636014522996
13.124987297602074
11.804593528251177
11.300238648190774
11.324237383127123
10.941751756693664
10.665498739643535
11.353911583403846
12.149701216247362
12.872502643895468
11.879936928190547
11.24101031781123
12.04461770033393
12.246952700219294
11.947681585677872
11.93345869460108
10.793674079172687
11.951689467679362
11.841864045186886
10.214048745398427
10.97867647515703
11.773018128580015
12.033881941661903
11.226168573305472
11.461597843492136
11.55342602765077
11.610406223331175
12.189722508173436
11.994126107698106
12.190328423034044
10.01598935732453
11.59283955259844
12.810823971672075
12.274680206188949
10.610128163799676
10.940567191589517
12.41284274509986
12.253280706889605
10.66139789637265
10.916640575207929
11.663493876245814
12.086941420654155
10.813965170717257
11.437893664333515
11.653908993040034
11.427362799000983
11.587518704289172
11.70425508451257
12.152411263065494
12.39893098062957
11.880768531529624
11.813256930244512
11.261211137047201
10.976324803191421
11.855736627249927
12.82221647946184
13.00221782434678
12.781322319462223
12.115280565550448
11.180891724902152
11.423780055593715
11.561816950693169
11.953559686606331
13.081097689054669
11.411700996908177
11.579990703036847
12.4113606432752
11.63722433780974
11.62195979576321
12.795168626460494
12.131438954552264
13.547876266037958
13.761914469287012
14.028206909522417
13.593086785866188
13.378139797099964
13.246025539949118
14.009860890693696
14.847269590251845
13.708619624717505
13.289411064913317
13.774573418638072
13.891118410746863
12.883332142396327
13.911973209098107
13.381154356206466
14.321329725190033
14.207072885429685
13.48616580430306
13.517060566630986
13.425868806134218
13.067087670471649
13.654006303393192
13.723723404252386
13.244663768589016
12.328078478833243
13.114603711225623
14.237013099159562
13.631396539009614
12.209094200795272
11.830255517787075
11.950561777616818
12.866269492788833
14.05380569999305
13.102545142372923
12.863497121783913
13.761641572223589
13.772899277686552
12.836046590955686
13.091347976322464
13.103237360879424
14.233903640421476
12.385777176572855
12.64606378907523
12.796683272996685
12.058680615396142
13.748410339123547
12.896563238300837
12.219297931308613
13.084461483841837
13.497028199250224
13.254121055520708
13.452553914360502
13.466580797578573
13.75257466753177
13.764161073516021
13.471148183467976
13.187644777286698
13.756278429674506
15.26849387540902
15.593223351563374
16.874325428394158
16.565254088320643
17.08845330122124
17.607304617500866
17.97158954759383
16.91108435497428
16.068034606459584
15.976181458185525
16.563338895922126
16.420535830521075
14.680454418687605
13.446055880176546
12.20863697425395
13.920179743548886
14.226237868633515
14.619188302662694
14.67193038201594
15.560711436982125
15.604907781318369
15.394739155667
14.56129737485798
14.506537674205244
14.267469034603671
11.722271287629699
11.4569324149622
11.854777969533973
12.939392055721667
11.967484101964585
13.389431035391617
13.25751329322462
12.048201143848603
12.433839992957157
13.332850292775737
12.080905677965312
12.613578857612223
13.274133636362832
13.251800825949823
11.459784107152784
13.484532336487886
13.233148101952949
12.591953244182807
12.485618677441757
11.75574857229345
12.512472104587108
12.914088439803395
12.90556566944629
12.880382835811066
14.234916252681932
13.702800549440237
13.467667103750097
14.231891065693487
14.098282466452675
13.338086893279831
12.940136990389885
13.663850998515894
12.348092187714709
12.293260744200046
12.242256887389422
10.74916172592279
10.621567915295822
10.930829671402396
10.485002948891802
10.8526839158818
10.630985710357038
10.995639480465465
10.598181212921807
11.353167472436164
11.086197729648074
11.142774551550941
12.157289187383835
11.952103903393965
10.606438968465609
10.543598784164065
10.546651533466918
11.490127494677086
11.879461307577811
12.281809131324101
10.832150363599062
10.482139372770881
10.550071282725852
10.681695277287927
11.179143469935473
10.783619474593953
11.203103409543017
>run300_1
11.614579480167714
11.272042801589249
11.27243162171509
11.054694450323192
10.969401698067069
11.18451698101141
11.135042308833002
10.65491143731713
10.453065556243645
11.691557876131487
11.688623417966108
11.296771406291029
10.806427166015574
11.05432395786618
10.312577343105634
10.670916514460151
10.6544913073111
10.644243000637475
10.872247830225186
10.515840599858961
10.434943392624893
10.393423450431571
11.196225760458981
11.551112691585145
10.302253858046484
10.320728378672424
11.066764055647093
11.408224289779817
10.274592194454737
10.232541228596741
10.646591911045048
10.310609308840853
10.284639477432423
10.442174328189456
10.597108551804899
10.513743041315161
10.342874399816255
10.387528445688693
10.10538722519117
10.303318622527465
10.014422789368119
9.45666259129165
9.851660927335825
9.302297843505155
9.492057334166178
10.324549437552447
10.401154674459116
10.476691386656931
10.514537582878852
10.074516671403595
9.828398543259398
9.780464360029217
9.910287109599121
9.976890546689274
9.323861031721457
10.214932808896691
9.944836688298235
10.33696847683291
10.071713019676505
10.032258496017258
9.865136210553027
9.43379591236917
10.81333474088374
11.168195790206099
10.764845073929298
12.367941730427784
11.369530132670727
11.456593059723586
11.1927079940601
11.850366706810648
12.336124528143973
12.35793203474659
12.053050104824614
11.964651640690015
11.660265696631885
10.84050502247591
10.55110696465028
9.7950782227179
8.138181823634348
7.36755113065592
7.483040402016321
6.5172662689206895
7.372044540457668
7.085716513832254
7.210470026268839
7.276212040374961
6.6265366768128775
7.669282588657159
6.488365800488354
7.198049071903962
6.970211483657714
7.302046539459637
7.113710356217273
6.665026220491018
6.784178749824471
7.278772839810732
6.930798080607359
7.292963371593566
7.609897759971605
7.100888572039569
7.336204232125005
7.802315672786567
7.162239704021529
8.4593577276224
7.3830905688506085
8.062679520375346
6.39590005607552
7.196742257055542
7.727983749324368
7.401413616887471
6.96425986349457
8.064336917625692
7.719816402215019
8.72980661563022
7.9148689230028255
8.617688506800803
8.334333383109113
8.634007131391554
9.240431835010243
9.150832925112303
9.260478190287422
10.090905841527816
10.147602016808987
10.981967016770875
10.678073519807546
9.600313677022484
8.98180772597428
8.578457011812517
9.685360437289514
8.331155257463447
8.313063978083283
9.223259542242294
9.08990731363619
7.821240049016261
7.397095829128417
7.68808743271392
8.628937832684093
7.580615564629899
8.037203821142782
9.41608611549618
8.97356819771495
9.068388634573104
8.942033147490744
8.721230192025116
9.897929111358462
9.73540705432612
9.805900027381309
10.356269868215547
9.130676765678151
9.813357434344864
11.312585476924035
10.566225373397458
9.67000303497584
10.56681341851998
10.485036817451695
10.286954285736426
9.755954471563902
10.63790779810345
10.800316361071625
10.377981110268728
10.376373656732392
10.884226895363893
10.445802876319357
10.394193171137331
11.193326076065889
10.57992597440956
9.57959827421547
10.196168467963497
10.448169077006948
10.244125336171834
10.107302788975232
10.689509663250114
10.757885968914584
10.371157895052248
9.864061544456055
10.052143329507404
10.608479663677414
11.752405618079637
12.24905774665474
12.157775970512139
12.658121863548429
13.836437612389961
14.144635209685084
14.667241387178285
15.589132083809025
15.042640123529743
15.135761006147261
15.644238249083104
17.448066773006058
18.358992345709257
20.84873622314054
21.417055588925113
19.888618014392275
18.96519573190124
19.607072284778525
20.5103006300942
20.450331345221368
20.804733834822127
20.437083516254315
21.003924931939
21.527551890199973
21.585330101047607
22.116385353795103
23.101339565958188
23.93517478108263
22.706978494447288
22.984553087326045
22.674656340723114
22.08701596711408
22.361871450906804
22.215804197253828
22.15828513032013
22.88980576098887
22.25264652354241
21.764283776377905
22.592279240415845
22.840676938366023
22.726593283269768
23.639059175005627
23.289569089569312
24.419482186469157
23.947917585027287
24.167010133106608
24.9380706775518
24.255820631198297
25.12006878788058
26.34664780445921
25.59322498232331
25.65407981229849
25.830158333684473
25.51958173972449
26.083392754672445
27.605432136881827
26.697550114518624
25.999884978670515
25.960716323043588
25.26996611102556
26.096436618453197
24.68334070961451
25.193651186681862
25.540443131164224
26.577656323202554
27.829269320993106
27.118183538491323
27.218943160511802
27.238801267529556
27.23637086435823
26.940612359818243
27.208750285562747
27.425610158897275
27.503225247709906
27.112407729891633
26.099544708609507
25.83614539363302
26.20696041158104
27.19170062660501
27.547232372465427
27.496984679758825
26.891575828704802
27.48138375117589
27.44440550319948
27.43458223662267
27.681374615048302
26.545884602909364
26.82819498603544
26.553222263756386
26.056338552128604
25.99440314179269
25.937714249556393
24.528205324732088
23.79813100862972
23.70527195010094
24.799703747769538
25.051649333561233
24.95427232257268
25.608591506693447
26.065790108940266
24.557894329689432
25.40228175966753
25.468799544000586
24.71843162795171
25.050474273339855
24.601837881151916
25.395727681376826
26.515242987388216
27.581106273449922
27.508696651627854
25.65971627250746
24.622510639699602
24.02488289001453
24.436802691245138
24.77306522987743
23.567263037969806
22.009190142927967
22.32743493512808
24.428952743331006
25.88178670274788
25.856329957293934
25.42466138822978
25.694455500491273
24.81155205963185
24.523935469679937
25.188276438740306
25.878937867359358
26.478930251955504
25.801992740566178
26.391174849054405
27.34507843143735
26.64280165916422
25.704211099168464
25.614597426739103
27.13313113155682
27.0545764332802
27.246113969797676
27.50158190378505
27.44904750272978
27.746416533697044
26.971213954230002
28.291665707776108
29.37759452009361
29.078151534946095
29.416494142892137
28.29647688804781
28.285119414019572
27.72608038602531
28.047575804542596
28.34708935028093
27.90232232716925
28.00475481970046
29.472079928042298
30.047092986440443
29.458335998458768
29.248318811928712
29.176241883883538
28.451655525980474
28.570931997580825
28.3493277350321
28.050556602236753
27.091283036592806
28.13568188003257
29.387770131420947
30.277812180743258
29.365131006404724
28.92987736203348
28.674405652904863
27.593981820139113
27.09666947809481
28.212198956102252
28.206692767362142
29.72485248082564
29.68632709758074
29.632078109393756
30.7275449727354
31.226431617385835
30.585299545597017
29.216832877542277
28.267245181255173
28.89435476179667
30.980863597264175
30.99207560371112
29.876632298002384
29.029662726641398
30.41521355367307
29.842703034156823
30.66165603207755
30.0206332701755
28.952330611608403
29.435236252800127
30.709339029395874
30.27311668060348
30.65391423093537
31.188780327754177
30.06224509622898
30.252919320383846
30.41004745187883
30.875418863488466
29.73838210495233
28.355134753880904
29.001320157889072
30.238115751139695
31.705086956696704
31.19531975393055
29.369770733220854
28.47435367706973
28.070928829484274
27.801500705964845
27.49500861983678
27.78686431049355
28.77070300762162
28.41426445955927
29.32689456700658
29.390852929048393
29.892305637917747
29.89010290026841
29.672219463568048
29.748936105372135
29.48725830335397
29.86250311922488
29.117669569935398
29.332043410603045
29.596871085689845
29.658926084639536
27.799071371249664
28.767668937198085
29.75196927618427
30.048214945183663
28.93576347784857
28.79680648530837
27.738687521285318
27.27216435670557
25.81793551269193
27.444834383643514
28.670430133582062
28.608015300907002
29.56156702812194
30.151147152254577
30.048305733116052
29.556194037749552
30.22701099346956
30.427049885115352
32.281919157201756
33.458960894210136
34.08943358465538
33.61112212326256
33.405396859678895
32.61941424515202
32.909133196460374
32.32610476026933
32.499950270349665
33.11836382967572
31.37150121685643
30.158859760276815
29.408585833694463
28.381723214785012
28.769032626211352
30.645204282355163
29.620436607320027
28.494855183895904
29.836766290030155
32.24575153112437
31.761547092621164
30.590569109004857
31.690746295167667
32.04054281640546
32.97292446020681
33.32652206415627
31.52946691940591
31.812342487033817
31.26555369476374
32.11387102698686
32.9498638850511
33.16567920070987
33.91246595863574
35.72314077692711
36.08961072186584
35.664447187742525
35.539630002802916
35.637315327678635
32.94137128950039
33.193283523056486
34.34486172271448
34.929271904919844
35.16997513570906
35.52128812806688
35.03957575320359
33.32809716350757
33.86944285849107
33.936377657778394
32.946991911086876
33.72321871436756
32.58065870639442
32.87747882304834
33.40587007946444
33.48329485703609
33.95454694944589
32.51114535842653
32.232689378604846
33.068992311742576
33.323975166707676
33.588445977550634
34.811951186314964
35.03400644799401
35.51079468740228
35.674563324222405
34.951252503289886
36.239333241412
37.366629581073695
35.040522623045234
32.938886495080176
33.18370060286496
32.509246552305626
32.85135746907445
34.06230425072426
34.48449040553817
33.694383344458394
34.52005095271706
35.04793019646771
34.49227619179647
34.471173182427904
33.96793732049891
33.36481848656972
33.74136501820929
33.244712633048586
32.891505893284496
32.80353844189374
32.72797175317502
31.455957250315084
31.31705824483638
31.8956808878048
31.698966363935845
32.85445801109044
34.03919468498612
34.40227579512397
34.15902526836593
34.592631957753085
32.08654982111263
32.63675969545543
32.17376822970483
32.99164130633501
33.06306856432447
32.814556556087275
33.284408777611326
33.920379937980506
33.51297852476177
34.2401875465994
33.84170403974283
32.91172751691279
32.306770711117615
31.765721953724032
32.797896274968465
31.87867487151276
31.064966933344582
29.974299238048474
30.498905630972782
32.10862757338696
32.43833146132016
31.708464579504266
31.61657566765232
31.49653325050587
31.644313590129723
31.303897352170797
31.8306310980493
33.721350932185864
33.05377437337777
32.85071457250761
32.88122531052245
32.72858336555078
32.582806185231966
32.551254952135935
33.493210697106434
33.43309615564508
33.08566788674317
33.55396951986765
34.47882486660332
34.88001907782139
34.82522298051467
35.64323332433902
35.22332782858959
35.067715524800796
35.04386506021715
35.67888259650356
35.465006310649564
36.20211124540848
35.828853174476905
35.752528362461206
37.18295433323174
36.82928920619828
36.49699645968791
35.32718569495713
34.98664861973929
35.50934370321495
34.67905931465132
35.22278405467693
35.42048528136923
35.32540868443721
37.147924363571555
37.01710206354652
36.837958109945305
36.45208631274398
36.25874707335867
35.20940386340089
35.10695010638332
34.88707801116831
34.49449475991027
35.022194476543774
34.67521544837076
34.09020821336791
34.19982632355685
34.18624186172254
34.43235812461636
35.16418230054919
35.063726919095785
35.108101617343124
34.6465845895027
34.63534168155495
34.587092129701496
35.77397282877544
34.804286124806715
34.337445954841776
34.19808931558495
34.3496623633277
34.89370287287863
35.38808476965171
34.836976320191134
34.0661527848253
34.27687646091427
34.022394420278566
34.11600187671083
34.257668785847294
34.592639111383136
34.81251030460314
33.91654633756073
34.15861103095107
35.367334641863515
35.853751915843596
36.22971621590611
36.16601681876135
35.658612537773784
35.168323606952704
35.78022600458975
35.48320570886331
34.95701016365063
34.62157303689311
33.528041017309185
33.683562253045736
34.68114115724665
35.526603952684624
35.7507920054707
35.809755037013446
35.88265552968427
34.54634008260409
34.24817380278223
35.02318052040249
34.13646829076294
33.90983692514996
32.717594239295714
33.56196714608473
33.20919277900718
33.76096582800739
34.65940596453359
35.26987075236844
34.84646963228747
35.768401774343715
34.226786324986435
33.85922550851212
33.910199352665565
33.79739238920106
34.85711292194039
35.33620915700339
32.72869858647724
33.788106478685236
34.19501554436878
33.330012259456424
32.98250785362769
32.37918121128741
32.48903756244846
32.14700672276291
32.991616451954265
32.26582723353965
32.86364839560505
32.879018806814884
33.002156071824785
32.90943049589615
33.01782812459002
32.78207813557651
32.4465647931856
32.21001624493713
30.95155590588728
30.194621125360083
32.16919692411522
32.6571922298043
32.091472094926225
33.32363372773188
32.84610977922605
32.33114624204057
32.276447919767534
33.883029347748554
35.377429587538664
35.67318935435909
34.79729167563777
34.32159231438575
33.148271909019414
33.73584081361171
33.51006221726073
32.613747796884006
33.45932376093477
34.49885769174611
35.135234737832604
34.65012587130863
33.771045437859634
33.02595861282793
32.78153458542018
32.6778584781443
33.264441999686326
34.441265660513515
33.75229032666486
34.82712521605134
33.66477384130316
33.64638217191943
33.4554200404016
33.59609719608089
34.30230450166152
33.2961428123375
33.132717015705964
33.041638159844815
32.03149664421485
32.17228176134885
31.80311040664239
31.452020354854458
32.292528363228115
34.409950930939836
36.526292834630624
36.79539395739772
35.972169647560925
34.15710109856445
33.521257349215276
33.18763073948799
32.998305284643216
33.172335527677255
33.28949925697942
35.180165041331335
36.531450696909225
37.06748216882921
35.88380706336367
33.93122351496314
34.25676380836683
34.356288689337944
33.62976744899066
32.368984288003226
32.534493914386886
33.50354317539414
33.272696093790316
32.53217019944654
34.13170955399079
34.21529021563239
32.8771855548126
30.89703164176711
30.526680938922862
31.871130610716012
31.810637492176564
30.976129975184417
31.21252604683945
32.49441131979159
33.40137051698308
33.78641995688385
34.52733424673861
35.09490401957853
34.46865545691453
34.224967580567
34.19424469580335
33.65862613900527
33.0829397027308
32.5196343234252
31.87597398001237
32.84692117921573
33.094849383118735
33.816527934866905
34.98164665413554
34.95836193428641
35.59241652208329
34.23483181642285
34.80071100306048
33.82756630013684
33.3015786530768
32.648796700045786
32.31794665305952
32.06685048292435
34.044126205133864
33.171718770359675
33.208266576347064
33.052842959274656
33.86425348859756
34.407800716622
33.853413114796
34.44918011677783
34.224851588354895
34.985351847747616
35.61721509866683
36.09530995048293
35.63256141186971
35.76853851468108
34.7997427210654
35.28550650253631
36.10589756734385
35.69297944607442
35.48046108279254
35.73813089035014
35.4413956809204
36.55683175181203
35.42712948371895
36.39379790609221
36.307223634338136
36.905479472700776
36.92320649115339
37.53974681475826
37.702243695612424
37.29142130315929
36.26173755254187
36.13099359092224
37.80885888591074
37.698333949865074
37.0118744471717
36.68412737496411
37.14664615699949
37.02146260867942
37.062433278370875
36.76772325671068
37.311721268681715
38.069392124339565
37.94693993130935
38.389565043869624
38.96608225450874
38.51966372429494
37.62129275396395
37.02435061940166
37.24428866062634
37.80693741467972
38.01606312166256
37.58180971717561
36.5438607428358
35.25295538914226
34.87015944422238
34.44888496620578
35.06190413872084
35.85602888066267
35.490292193637515
35.31548661420403
35.18135692886447
35.38936715693057
34.83549740661751
35.345752311197764
36.459612448319334
36.17841869111067
35.732576625165684
35.38868098879168
36.46516577821542
36.31473285398775
36.62797544870242
37.47459748903309
36.4771052777656
35.334536659468455
35.54057517005849
36.21357408871283
35.439252659769814
36.12092362153273
36.13978391992448
36.82000335817105
36.59175532974465
36.534045372487974
35.90294543357841
35.18499678498265
35.02438168434349
35.29721800835703
35.70420637695887
35.35123634504344
35.359685827508
35.80635801401266
36.49247694491497
36.61773455509781
35.67329123942187
36.05779366554382
35.29716166374094
34.756277065280464
35.162276428527534
36.48994977730513
36.212364297398764
35.56571830251572
36.74527699304166
37.14464351414548
37.236531686011865
37.668243963568074
37.62525635639001
36.86756828226355
36.389035748819246
36.49907906376068
37.61893382680045
36.91865485514387
36.70799286992874
37.85973690966081
37.3957259826378
37.34353883940847
37.512449745784615
38.5665617124791
38.52173721048351
37.1709373163223
37.30364341503153
37.50560647363721
37.79739916347516
36.96113203268525
36.87205855982363
37.778958820929034
38.35242606734382
37.496302265986664
38.33712075225622
37.517146958951656
37.30327415449099
38.04731021729094
38.3520782453013
37.406358665654764
38.24739268755424
37.71839653659703
37.351949030587846
38.15861847579461
39.336280655767816
39.90151501129988
38.46328703818749
38.27080213464599
38.09284733014441
39.25596601871458
38.838794132568275
37.19394495369433
37.3214626851176
38.83678021112553
38.56469030897259
38.04012610187316
38.4076346826928
37.747898376874716
36.51324001868149
37.503106164726624
38.082230922178105
37.73617816589582
38.295641614877596
37.71388898877181
36.46600341192361
36.609970319551834
36.9025588100274
35.85501663948827
35.575018310662344
36.578416970533
37.10145713328488
37.517965794482734
37.39169600138697
35.827738328902335
35.247317340794154
37.07347188903033
37.57901815268964
36.030642333682216
34.544605877337716
34.73947253541756
34.31245830358798
34.532165214171194
36.01288499978003
36.05739861656902
35.50984788692137
36.29501591470461
35.76787800190786
36.99128496513136
37.094753637142865
37.668665338623626
36.91975787337092
36.21138843734008
36.08962347329341
35.797428945549306
38.21157967418738
38.83903586676173
38.96291170112115
38.192516290032984
38.08125461076578
37.666243031122775
36.631027951221014
35.24079409673398
34.72667113171675
34.44892728973514
35.50368038845632
36.03703450419778
38.268467754542826
37.731191889818824
36.60168307512804
37.69537336155467
37.1524806745966
38.54558459657636
38.33709862940664
37.68382988902148
37.74571442031324
38.93778566872248
38.102178682917895
36.695926323117064
37.44195584702735
37.16304016756583
37.79449371415971
35.917054988488694
36.24803537685216
36.79939026707339
37.15856960961307
37.12349853285833
36.924184176678764
37.29898979160809
37.498149967807564
37.37560327816703
37.59801221726024
37.74201481973301
38.149146434224505
38.059007554659175
37.661923091398656
38.330813462013275
38.010198157371384
38.587788275895164
38.27759118724042
37.23855671747689
38.39794111610787
>run350_1
11.87016195975925
11.635520407542625
12.272880794044093
11.09685844212066
10.96136446363722
10.966399996294845
11.431477227411754
11.742995513960144
11.110246103139087
10.90164597825326
11.702683155775413
11.748074065862154
11.191076875443857
11.011380260949707
11.010642832978467
10.799626943781904
10.584602380454463
11.011539555663722
11.387502494781005
11.073054092185187
10.534584903994237
10.69304454282947
10.604803731859741
11.161725594457954
10.651060166443242
10.818906813616529
10.65876668450296
10.691319932047353
11.28265050660171
10.517445754288484
10.440250390410561
11.11797771625216
9.944085614447488
10.609950395870092
10.659562324718213
10.152174946807966
10.163806327002655
10.215567443420191
9.842724547282769
9.982506763006565
9.569931595113415
9.735977382934866
9.566079109076908
9.784637788711546
10.461588956119664
10.622074015966506
11.579225490369886
11.667680746662121
10.287417875699607
10.436180776885516
11.032544810661747
10.083611703033075
9.576727737319674
10.741810769438542
10.535906116354557
10.499159124041142
11.197586265001704
11.574413907468463
10.349573634372122
11.393443022301065
10.743746082377276
10.61548761298381
11.150225801958316
11.610089527485576
11.354719522110969
9.99599575831324
10.461456186162776
10.388559265778476
10.308017663623184
9.394842891674468
10.766791847134328
11.402285114689747
11.179072818559366
11.124565660912413
11.873225361176141
10.044187531032556
10.177369006018962
9.65921620806853
10.73159717298806
9.436027029257568
10.15839694586286
11.017686786658576
10.233222744968982
10.424433559592094
9.881508034489672
8.81294946981036
9.419313649136985
9.106712014883644
8.352520197795043
9.385569409295291
9.255894633965994
9.898353837709694
10.464165807289191
10.681222584259265
10.262201261210718
12.63191783462893
12.250526300477334
11.425315990408135
11.50631018007723
11.49048486794307
10.649051309972895
10.41435638266607
11.130111945809865
11.23533824855833
10.718283835046755
9.49665562819862
11.347924530116163
11.637165897603662
11.71388315976843
11.0446270881599
10.807513534495728
9.651128189696454
9.125114991087546
9.052966166273468
8.92090989305037
9.17866818736167
9.741226092118737
10.466167368489621
10.872027243653502
12.235648877053688
10.377642394103397
9.712618649850642
9.79135492947685
9.891917745133235
11.268169070779773
12.219204351715828
11.836875148047126
12.06425536351631
11.341669024521103
11.103728489117811
11.19062365309008
12.811105081193544
12.060746620365505
12.906595517937237
12.756299451235185
13.671618189253339
14.128445805079915
15.318298614524432
16.64702553893802
17.209401342928565
18.602284729000285
18.705952052385147
19.505082226348804
19.772878514241164
19.159843843937683
20.000123334671773
19.369163445688095
20.14256254876647
20.711336512673974
21.081897440464715
21.48419922367379
20.357098248624165
18.896351297636375
21.303622428127763
21.032464270828992
22.094125204184355
21.315673384095845
22.525349503812844
23.93716861232248
24.40123303218527
23.85035527361838
24.198148992849287
24.96677326671939
24.524676279082154
24.036482531891192
23.215852546557088
22.731003687706625
23.739140425294703
24.246083359252545
24.695587267060255
26.478909597491853
28.286242527717867
28.213232742103138
28.350974900825353
29.78718788274761
30.074309149881163
30.78982717328488
31.264231672794796
31.30856188994249
30.341857624781746
28.585437083545557
28.394954134823976
29.151398579828587
29.107116856111013
29.204777286622736
29.217150549836983
29.745120330850078
30.215950727656566
30.396650368913225
29.9885128841936
29.66830202985307
29.408193731312906
29.444599916135132
31.674690309280646
32.10277728918858
30.89692744666458
30.89803908895596
29.61031373350502
29.493333959007202
30.37341103556514
30.726820673625305
30.82744623791019
30.55146160209401
31.460358123896846
30.79041210314185
31.58362810232585
31.159977962561985
29.652911058975203
29.61155918989036
29.632870493146214
30.871957460425616
31.322435159134052
30.192578285001215
29.156605618088236
29.71226534954872
30.11810428593804
30.85945899456509
31.781268550966843
33.10685710461612
33.46607147431813
33.37284982547423
34.10987836572897
33.87279740338799
33.23294539189791
31.91823847584633
31.79011703443003
32.20994335668959
32.38258007082844
31.997246130177075
31.402150692842575
31.812874306209064
33.04476549148521
33.5190313632079
33.24925726350513
33.215963583556196
33.38501258000085
32.5899395795356
31.58201251942538
31.178375249245843
32.25221453764938
32.38611801706044
31.01018401549472
31.11496859456731
31.246096183467635
32.416126173913376
32.61698691749122
32.66546188199307
32.930270719826105
33.40345298103761
34.40039543190486
35.10270550521888
34.134901475733116
34.733685718933216
34.750555961589015
33.600174790926204
33.57329725261847
33.636981714688076
34.025407375336606
34.65754961597211
34.73683251810691
33.67756454608475
33.87129329239551
34.102300025920506
35.59827080386509
35.422589108370836
34.570042789133204
34.257915479312395
33.94980044647333
33.51896818744206
33.187219599788165
33.009636627713405
33.804130943591005
32.34901649841562
32.338288830764455
33.23167782443408
33.86908649017329
34.37735116514841
34.32878591314665
34.496020498040124
32.7449688261876
32.926406177794256
32.96333406425161
34.10716203530483
33.0681429751596
32.72086927497538
32.61940528500882
32.645783856030185
32.82759932343447
32.96318323358028
32.0846135807583
33.23663640861
32.938154286903156
32.27690974490309
32.22737555587762
32.72966790173287
33.11642238499123
33.952020536759335
32.82082903466838
32.585202798621886
31.55810834760054
30.769241566753987
32.11008433730968
33.07069945992239
33.62354251526535
33.54496940851585
34.25405029625936
34.426187315426155
34.710183771762075
34.40221737433287
34.13401301193951
35.2303360820791
35.12141395293192
35.23947179323187
34.94683656300396
34.76651764441929
34.179530094963575
34.50930357414627
33.35109302307781
34.894966504584936
34.68618685371124
34.79437902843133
34.91680930661527
34.63548391000643
34.761184033054334
35.30858398969399
36.34801400227359
36.37356820800802
35.61629161878366
35.336878953546005
35.48684951496575
34.59752535809532
34.105033899945994
34.12177355472631
34.33968127041198
35.101267335756965
35.84232619173033
35.15686885355131
35.63974336361202
35.14266072839893
35.28349114253585
34.86723189502401
35.74680420584766
36.36664014830606
37.31931086553774
38.02122052447678
36.88363601604287
37.031829194520384
36.58594865935759
36.46111134362088
37.414409347296704
38.25727765304488
37.82899270368334
37.21058740398337
37.52106185067323
37.63573196182321
37.69622668195931
37.986939569531806
39.0682001927193
38.779452510537126
37.0708866545287
36.807727887752336
36.889804779404336
36.5463236620234
35.77886585522928
36.60310907015224
37.4676879119536
37.8643338761321
38.9923462784384
38.70414351578259
38.72270585341866
39.28835254647869
39.17365782355005
39.61090375018784
40.11331357802283
39.271766600202795
39.05252166328033
38.61619330321748
39.23082447956013
38.40971112773512
37.81665760131699
39.158530587039365
39.087960761703606
38.4500099926252
37.6582159090728
38.52079293279929
38.97901201467212
38.59896165824208
38.605884535457335
38.91232454391525
38.37499565684048
38.40435276221287
39.46780034587291
39.67320242562572
38.977701660657736
39.02896410912083
40.44222872804737
40.109001095803215
41.05943816707218
41.44456938527816
42.09494163968248
40.99125105903507
40.633575347701296
40.783012684015695
41.40849904113763
40.40697470640127
40.10757771407201
40.837710445009535
41.337915914844835
41.29328807280592
40.77287800685699
40.91767991381109
40.74414927372923
41.50885679028246
41.414303580257034
40.833326817997346
39.81440972075547
40.14137619941332
40.443336093026254
39.96256373763807
40.46359318246525
40.04434847767058
39.076132472723366
39.2333598407224
38.929869140535416
38.111498568229095
38.151937438412524
39.0657476959899
38.964384723709074
39.128452754356616
40.83353753078655
40.68904825798604
40.300258466471455
39.93523140385705
40.67675080913579
40.685818562646006
40.010480858342454
39.90453414357253
40.11496038151169
38.70049564425515
40.03353856370003
40.833290447393345
39.56703903573316
40.02998671466724
41.26105669707507
41.13844256101753
40.81759089910303
40.94314069987778
39.42418209237626
38.460588699459
39.4952424833335
40.87397577186172
40.75625434252959
40.321367883354085
39.46513296210207
39.64787167597476
39.58411408964501
39.762229948561256
38.88494719458178
38.873025770233745
39.235062004878024
39.612581293182984
40.84148737790654
40.69578047287945
40.95517875921131
41.639424899690724
40.80360407023673
41.58493724991804
41.46186299743114
40.98163827333797
40.15896087995888
40.32367327875168
41.01723576927656
40.90276397382539
40.78883152683275
41.332895165180226
42.86474845962408
43.13158318270256
43.23449271246884
42.322773430156644
41.98024680659985
41.29277411235714
41.24999616314379
41.65460758537861
41.94875666638844
41.710225159253035
40.64946350740368
40.07282914012888
42.03781163787334
42.96880249742567
42.80038347315003
42.844597052228615
42.07823776463419
41.661879348054924
42.20895819702063
40.500741287161624
40.56694476459815
41.19713798870899
40.59272400263518
40.86307103757894
41.742331533059854
42.22545749189172
40.939079795126645
39.85341266593552
40.344570714320845
41.71136194334453
42.06064239409438
41.61802882106315
42.17497656120801
41.74983535198859
40.741289101268265
40.12887519744903
39.29344443938221
39.209470033426356
39.35008638084301
39.829773530175586
39.64505682777313
41.092565554004054
41.488203580109285
41.050173973180506
40.47753142297509
39.85949403257078
39.41027971371822
39.447751729739274
39.72045752558105
40.31840199734551
39.90916744449061
40.20548772830638
40.036573279235576
39.793774929501424
40.564433178550516
40.107077267919664
39.90380301427307
40.439442256921815
40.41668609855796
42.22227252401156
43.185148050233465
43.09668375625678
42.93746237301586
41.882481217363555
42.77634620631995
43.549535950491766
43.42360884108565
44.25790661360993
42.72353298434072
42.92440445111363
42.56642011948629
43.162912176972455
43.04502310078833
43.99611778481994
43.813671899662396
43.0167215206725
42.51576272525829
42.02241176585462
42.73406374178299
42.61593946744937
42.289744325872434
42.394432550343424
41.85485182989136
41.625186339093055
42.33071514769214
42.63114577982858
42.26514234972819
42.37099288161945
41.89988434185088
41.59078117769073
41.9700485504266
42.46508992848434
41.39157639566057
41.087033821907966
40.78407314726225
40.7999795967587
41.53438530222971
42.02849536993798
41.78130187020148
42.034195569811175
41.6165208542377
42.1806761229753
42.109250396267896
41.57326228794159
39.985783938853714
38.957960393594675
39.05569150009103
40.206370470785046
39.52475092379602
39.88487099069322
40.688460124164926
40.52659999036452
40.24638449985729
40.13899056959394
40.825755788795966
40.697676138170394
41.8737686682618
40.875398730650524
40.47807888495036
40.363908292708274
40.13736980204558
40.19590889946125
40.40637455975583
40.25253950022778
41.63194770384621
41.5468024958963
42.475154331740846
44.10614840967694
44.638529254694646
45.64869055365468
45.0612763740394
45.801923303752076
46.0415525430698
45.57416311830953
45.149847982412034
46.04503885266433
45.96896770995557
45.352482753627505
44.368424684801084
44.41664800233809
45.26919973627262
45.058476828481204
44.75725122652159
43.52805473231305
43.61161503478314
43.67925925380347
43.615265897837965
42.94914027370218
42.404836067144444
42.176755328057254
42.58015447233259
42.20666694891802
43.34265765789901
42.57582735264476
43.600640760015004
42.686724209652
42.26880490246937
43.20852787268777
42.68427399260733
42.145983141060825
42.52648366124025
42.86428780608481
43.29127993922917
44.10928696926746
44.33723335608914
43.58341527547182
43.38652650105578
42.978862077723605
42.86985648493094
42.655098206871486
41.74879276553948
41.874905799536016
41.00500304713228
40.395924062916905
40.69144274664729
41.20277245455706
40.48291788682309
40.401332926536696
41.354591746515034
41.48495353825162
41.242227085054054
39.705731420477576
37.36335061397374
36.26927216227189
38.48142032654455
39.56042029198638
39.8393292332603
39.61134319300134
40.48023339788122
39.84251391974307
39.04706264035833
39.67159145026895
39.747884075499144
40.07981270568958
39.174214099840455
40.017523504391434
39.158098727851915
38.07547482434782
38.416431108592064
40.111142947659516
40.59470593038981
40.45838342412251
40.246945059671255
39.37840955842607
40.09798746030461
39.38865311425145
39.41719987583653
38.99677215107538
37.782488733815796
38.03170754923317
38.325538347841224
38.70074224542697
38.82687190346274
39.223560585966275
40.371938136018734
38.82852943869671
38.78872488515873
38.52040182905566
39.64658517560092
40.20963637687324
39.55217277001665
38.565201863074755
38.76205353226241
38.7679907588914
39.50141469485804
39.52643221181089
39.38812074111077
39.69648408929707
39.11578564299674
38.66875706369794
39.56872382300373
40.36348459516788
40.361458518394365
40.71514895405056
40.56696288346703
40.829995816117645
41.18086255847757
41.92670708152626
42.85792636806839
41.808497073792196
40.36332158342137
39.88187144448513
39.305272942394396
39.440767048510175
38.31925627625333
38.18441310307764
38.47194141848614
37.98415926252687
37.806960270462405
38.24677239937411
37.2269605299188
35.980637639078324
34.77309529187862
35.898493907857095
36.07599649568504
36.69959016371511
38.09706719698206
38.23262150040592
38.878948169994054
38.828115034728015
39.64862282364583
40.03864244662604
40.14369846538063
41.82540243965278
40.034854205361455
39.39719638887527
38.99031587863209
40.14263437104596
38.721294767184474
39.03369094709229
39.439327139040444
39.2571435406648
39.58910801924195
40.482057795854445
40.393340086955334
40.140910200569905
41.14074563246591
40.85790964823092
40.4523382356278
39.87894353835153
40.10455835325454
39.23030394189198
39.0298768833985
38.63481442767178
38.2691896330208
38.41227440466924
37.86990388541769
37.31922132368155
37.83590783503542
38.35284529136764
38.59872662791165
39.45751175962648
39.31748047953327
39.25952176152942
38.309117445577755
38.857057431706636
38.62527502820759
39.05668213190815
39.864840321371595
40.341669143783015
39.56125057663628
39.099086986847
39.69051490811058
40.893895087619384
40.54343182773555
40.79856575894275
41.424721347152335
41.26588145504782
40.57555439228434
40.19836009577189
38.92310250261856
38.12162419079026
37.834667573078896
38.87668286796045
39.20126246411327
40.31869893602599
39.86516129276876
39.261388590095116
38.965085540584425
38.35212293076053
40.17591589791252
40.47149016680546
40.287687992729715
41.122829742242
41.17808705573986
40.512179932105404
39.728464851461986
40.40219307060222
39.52653409354507
38.86042313394417
38.72605631801709
38.97853863613753
40.8339927122713
41.44018540439159
41.33878153901509
40.86086944825297
40.33394967260773
38.283500718570714
37.929297167116225
38.45163641595749
38.34919779018686
39.06448073868221
38.802347382986355
37.66288737464691
36.78563836094522
36.86210503940959
37.301569877290426
37.150706648280114
38.03522440775302
38.96376696138648
37.810931468234166
38.3523560685005
38.13206496846739
37.718843204966305
37.93772324568737
38.34609254071617
38.36832354543439
37.4711705300274
38.802846863464225
39.153464454467034
39.50815975553758
38.34779623270399
37.46167684797808
37.14604389525125
37.29994165286261
38.55630155595099
38.83425261890089
40.79220930103052
40.86297987858915
41.15101031475072
41.134707445751054
41.1777633968724
41.06467486599608
42.169438538158666
41.11392534573977
42.65024492048437
42.751259041217615
43.36222732605407
45.266608844656865
43.59590364300433
43.143256433737676
41.90024162220693
42.338550161492584
42.50471119195684
42.5892615089291
42.95198708649746
42.529389188259614
42.504342243182805
43.42776079670175
44.37505111776768
43.92836507114662
43.2923650164892
43.03109956636837
42.816448093037096
43.187611641395634
41.879364990995704
42.66059200548434
42.442837918228435
42.99914854451423
44.33994824107262
44.90910322389038
43.82278598621469
42.81135692659851
42.23915492865068
42.71262053156117
43.444580297172685
44.19682782020496
43.56682741300834
45.05157372115884
45.28017148288523
44.466857279401395
43.41793692030171
43.28543441052062
43.172684581602766
43.3088097799616
42.94506486393605
42.55389802273986
44.00319689280327
43.64210013690598
43.48826175644751
43.73216850046372
43.751061043714415
43.85142128540209
43.89967450369848
44.784654593927016
43.12716939524386
42.69213613700844
42.80330845756764
42.95313244066361
42.75913392460226
41.75770468222368
41.8651684677327
41.15878225502693
41.08697330329717
42.51065498617744
41.023850978509586
39.90058545563324
40.31828998484288
42.22486336580116
41.43194959607638
42.60426630525896
42.708930942323825
43.042982337235486
42.583186918735855
42.89665885179453
41.56773702828915
42.17995159985886
41.11441383268224
42.274296521067235
42.673421342685245
41.72827815996261
39.39784856312923
37.59600093833688
38.29370245797939
38.768887023670835
38.872851111499095
38.10131229284674
38.09807245902875
38.64417584079853
38.45425754541782
37.8693310097876
37.62450184253329
37.8879207341896
38.06723117987069
38.355724644154975
37.52182454106581
37.57765797837303
37.149196334339756
37.34582355902374
38.12003299771943
39.00558035186765
39.37047434901939
38.01623261048387
38.44014972431651
38.538114177913755
38.466832875812514
38.391928753388264
38.002304424625756
38.376849035639424
38.48890197325952
37.74105321104467
37.06181189822824
37.584131978059695
36.24438531868827
36.000204613958886
35.64973520603348
35.09062369116555
36.55729915890196
37.788962213517785
38.09700497060651
38.12310640994541
39.492881187160854
40.115957908775165
41.635276536193324
41.25945962981543
40.62329777012999
38.87522945373313
38.86756834202776
38.99906136177441
38.341041946125216
37.3373282468317
37.228802425128286
37.99128336934732
37.981277792845496
38.433193908010765
38.49125647628449
38.000460242659514
37.51148040764251
38.25333108957097
39.017410333105936
40.00400810177153
40.381016119613136
40.4890428561681
40.4970378761697
39.68341891895026
39.67073410343185
38.45018092878616
40.21842283391846
40.78950220563228
41.14679914383624
39.83339350956501
39.370661608350225
39.16955383217683
40.459424026433766
40.303961710809304
>run400_1
11.231446455903022
11.359191100627358
11.891634431594195
11.178352852250377
11.469778921961181
10.9973112418355
11.24343085960811
10.889627827979915
11.024567553296194
11.427332891143132
10.907996389151682
11.160252594127929
11.381771862456208
11.197683324759529
11.16438809222309
10.375317912982606
11.631870998979297
11.607001265074915
11.307336402783498
11.751400581918798
11.643263261779618
12.429930557949874
12.351524052511817
13.353488482041364
13.963453589466138
11.229084899431486
9.869107955841487
9.691715369290218
9.896869869956339
9.941558975397946
11.600140111938293
12.18914769621506
12.48437219781143
11.59049113176792
11.60969326291792
11.434229236174046
11.78662101303244
10.984492756556978
10.7820551583256
10.649408657533616
11.473084598692472
11.437679858901499
10.867431868270888
11.461542573325037
11.65269188812604
11.546376646359931
11.974988883513229
12.368775980191465
12.285388126701175
12.390807585049451
11.45919296284213
10.368211246774337
11.364057277286042
13.555852758186553
13.054578594822317
12.70615509034892
13.458878048371087
13.084427854755845
12.952482151804537
13.219370052756034
13.295239521853182
13.426845146685126
14.230001837212622
14.519847972844811
14.149748575443628
13.985187675251984
13.107883119688207
12.42167830317368
12.934223607164508
12.097435907647528
14.532276747313466
14.245566889348957
14.732231394815772
14.118235255140107
14.941492810761586
15.46973544029208
16.22773661485178
16.5327663169795
17.35111940188786
19.234898800583743
20.66806215616994
21.443757898831574
21.084729615122395
19.999786508027
19.88747157648792
21.48766689872352
23.06662194347985
23.966686292015165
24.063208700034412
24.55289575107477
23.838961113631672
23.482959969179685
23.270909245108534
23.428842920845423
25.65152124953751
27.40132128573076
27.425488047670456
27.572603883512905
28.114876630973622
27.98854410363007
28.005077887272414
28.313599123663145
29.346592197769333
28.60232077706636
30.131200927910147
30.06919385222979
29.335747206846786
29.423881892316253
29.969742104432196
29.968669731366987
29.769036589789508
29.951788519360235
29.68515841011545
30.577847822749508
30.438410652624523
30.38293446073768
30.82224871442218
30.371798358026506
30.259831096194965
30.46686945648809
30.748345446619386
33.45980453426992
35.29875604368411
34.72988431472258
34.12852510544026
33.73012295507578
33.18898797830735
32.536275389570804
32.21397199477828
34.35708581179219
35.32898542772388
35.68966766972628
35.51843188177092
35.57303763950219
34.84877058555822
33.701358150445664
33.28272276077655
34.455706097790625
35.46558035797722
35.564870377764514
35.472689905017866
35.29127531454383
35.02550894081296
35.047565750296194
35.17465477964413
36.52845816742671
38.348106287738986
38.885350603319324
38.60180359152878
39.44678759297748
39.02115310280993
38.35256390631312
37.586050509856065
36.97030391498397
36.165350203614324
35.25820722436312
34.993885441531326
34.697194758300554
36.029693620259025
37.812910425269884
36.2888336826129
37.5782501474539
38.04870055625726
38.19624427465393
37.37105888285735
37.1029075624965
38.58353362964588
38.76211057904166
38.35273780210249
39.31987356665445
39.5883580375388
40.58551555844972
41.178403348819025
41.46526105473589
41.521242259642435
41.405445813600906
42.60425533082309
41.50041493201785
40.872212741081434
41.044465118722734
40.367420438577184
39.290882667947606
38.91461383471844
38.063355133668885
36.94365110824013
38.5426339683748
39.3959950891521
39.42034747645288
39.43652745745655
39.782247944029145
40.37101177087338
40.500734937101285
40.79179179057519
40.929285909014105
39.58015765621554
39.587171261303986
39.443607528725884
39.466573492141
38.20282320240869
39.789327799881065
40.31767759014466
40.37104228322107
40.35239256721165
40.84825221169929
41.36712971461661
40.99589078336044
41.14481719204286
41.825808684470985
40.317383937478745
39.862316049876654
40.01850508529335
40.27774243886857
40.308722326116275
40.201946512386435
40.26083743939607
41.3939632884074
41.422681381775135
40.36775188147784
40.76932845719618
41.7682240618175
42.46855074501946
42.28654207325588
42.43462323687569
41.207665802327924
40.35340138675337
40.7240954502078
40.67592005822047
40.773166139540784
41.731528547691006
41.13772210876637
40.39206693782489
40.70615504663359
41.83322889335856
42.758943604176
41.70272290757044
40.776689540957285
40.306991151523334
38.503420028838725
38.34440951287466
39.23251127151795
39.690587911645224
40.23829407812317
39.78885035480991
39.34475131643955
39.67847685950791
41.09679320792421
42.32062974895793
42.05967552401266
42.086144918581
41.105833356373
41.58454439152583
41.982904032199215
41.07900927815726
41.0792982028058
40.4415470435754
39.55393190694895
39.2762550189095
39.75584865964197
39.407083876430015
39.38435500746751
39.933751583314816
40.63623193885424
40.104255569134644
38.853396720033565
39.27442360007149
38.247619862908486
38.52514046645519
39.50910450395215
40.07723235394458
38.25819957975062
38.98471180552084
38.39861674251117
39.38301981820012
38.64903306871521
38.94240292187561
38.985064089712765
37.5004522734279
36.316470041488174
35.63616835604894
36.267974305493766
37.790576063353726
38.33025018432369
36.66513389272012
36.7783700099006
37.61784782498126
35.9859203860515
36.79991889408193
37.21590256646087
36.979838401178505
37.34627300368364
37.32763360968231
37.34451652874412
36.33073961152538
36.92953911674072
36.77996550287619
36.04028880991803
35.155841173800674
36.697648103908634
37.25697123111322
37.33708565640486
36.680860700342656
36.97880082165272
37.09848690524533
37.658196449450095
37.62081549725069
37.850264009975135
38.16382721443602
38.50523702767354
38.43528894433864
38.539573394227205
38.65543022409562
39.745461247547
39.80979695524715
40.63238329715341
41.458849234210426
42.0887261026621
41.598170834133924
40.64083796874332
41.08461692053124
41.95086331178924
41.52461933812485
41.500501583081004
41.71048961987116
41.51294632758998
42.04698676581145
41.31665287168309
42.265127470484586
41.8493480386281
42.99607981917882
42.9668983221058
43.24231555297231
43.49628449058345
43.49745655424656
43.14135881744834
42.34304177884098
41.228957933298894
42.4706195690858
42.520591126335425
43.39922713002068
43.8663963511855
43.8491704436894
43.340509533472726
43.76493622064951
43.75409840601649
44.44724536686534
44.875686542678224
44.6793966408287
44.47485724161643
43.85436503228006
43.46252051595122
43.25994959028809
42.57736202429112
41.89733248154269
42.45022252440922
42.34718142523043
41.83843916227911
42.26233414140403
41.91013562071179
42.80172827436747
42.630320993255516
41.60162493348346
40.79573187350887
39.3308645308231
39.68294670110831
40.02257821002362
41.003940548514585
41.08457531545834
40.96554987285833
40.54411755890095
40.82569123800255
41.09710833072918
41.488118455148154
42.2090772359191
43.91028805095991
43.440693083406366
43.16265023121775
43.1195083067821
42.793980258291064
43.22692832663505
44.344897155458014
44.194224739656356
43.46697684833163
43.01286546606522
42.30040902869836
41.86908566345306
42.67068823861801
43.14997384978689
42.614611577044954
42.32496394095947
41.34980954607593
40.491317557901546
39.56158174094183
40.01564580729041
40.635061329814874
41.39717586258068
43.08994329670251
42.983272051552355
43.237343543331036
43.12825520211868
42.721464326078305
43.502407892656386
43.75851253410205
43.06575227075449
42.129856213747274
42.596532333310805
41.82558346760981
42.76967806168496
42.34783940585242
42.489518182071954
42.40105946032212
43.359942672667245
44.192852555347564
43.26967704561467
44.16547741279679
45.06439250421523
45.46577124450827
44.96427366940437
44.66320240130046
43.4089417782694
43.81560408791231
43.66170154745066
43.80012490811688
45.2507009725777
46.48504901907626
46.22682013199908
45.24551215677497
44.94925700240609
45.17793425108846
45.329051510719594
44.63336335537086
43.871093821477984
43.53207977207463
43.16676883933216
43.49472459162723
43.84191317968076
44.39412813298468
45.057858507813066
45.20130746800939
44.555243821380984
44.65329418331538
45.4749608331878
44.57378702201567
45.469083030362036
44.613623385713275
44.64310105425392
45.21930808278987
45.08791111932226
45.71188840363915
46.49826865817938
45.417777409421454
45.65608880185073
44.59025769034373
43.66913628776491
43.85247512546666
44.42317927036139
44.57625753261537
44.65057333168261
45.79581088757352
44.95827783232944
43.15036010077944
44.07493074731466
45.48691973574831
45.69979436914981
45.69410514344369
44.02126040106331
45.0566931783119
45.049487369354814
44.83763478852325
44.362639661656694
43.676932465609994
45.12446387347893
44.83872806525162
44.95839249237273
45.91513555181174
46.994676065413245
45.591110808943846
45.38223877492094
44.4572076083947
45.3666987585828
44.78978923580701
44.386610677540105
44.6905396582411
45.06374316467206
44.50394501407631
44.86258770055309
45.25988240668699
44.37534154451719
45.107821015268414
45.76979701915909
44.965464602008346
44.950037113221825
43.413109503979534
44.463526128630136
45.53673916393057
46.65060537556326
46.39815193548375
46.61961788113002
46.748068775952525
47.173902065284615
45.75094572051128
45.412495601236
45.88605655986595
45.585774211927415
43.4467833585683
43.771094948601736
44.12837016836466
45.33897979690958
44.677851040891554
44.220397636938834
44.47804763417211
45.06440949623487
44.701269751677884
44.520130703754994
43.81991219183858
44.87573351684106
44.70623544914267
45.240912432818995
44.825470321650464
42.69299759896739
43.121818817877696
44.453902768406735
45.246777463926975
45.53472924012071
45.084739471255
45.12268857637096
46.921229801802355
46.42332593605722
47.88047770306978
46.93848704890248
46.91107385376222
46.473800877274556
47.45294307463151
46.71062722927523
45.45104338355573
46.36225254274039
48.69432490628484
47.977235391535885
47.00865635725627
46.83509547408007
46.44023897848157
45.74936023145403
45.31548139687258
46.05232051752658
45.17575656686903
44.69132239754412
44.157469564633075
42.983993539230276
43.7421556219609
44.87768151442624
44.79254853823228
44.91076523454547
44.97983212521261
45.50062469338057
43.69233334691505
43.56663284955747
44.93305724540007
45.8579260568018
46.47689086186135
47.06451129676715
48.04140591849182
48.231737421562464
48.11203009002866
46.62792191157101
46.73624587623514
46.322020111480114
47.52887881598789
46.924406474094404
46.28547999800181
45.5494166402872
44.59776347335391
44.12973074387762
44.99823113979097
45.8489433566539
46.442876645958194
46.72777039169049
46.75161528384415
47.873031924258086
49.716107946049085
50.23424229656066
50.60582719922819
50.49171497869244
51.08580336286214
50.327707658725764
50.07412237018409
49.142394304972846
48.715734385450745
47.77104096338789
47.45897736476605
48.124213484210905
48.770383601279136
48.703495545020246
48.31319006476894
48.804691700575596
50.01247033805009
50.777247143017355
50.13921217855248
50.8748588074512
50.67467469230323
51.49798367216124
49.71781579378629
49.855095047566245
49.49326613269727
50.49770230144149
50.54488873472713
49.99524674692934
51.392331488221245
51.52664682020006
51.45203681403708
50.547579263991224
50.198835627886766
49.75171940960562
49.61944343208955
50.638945038829505
49.78282018795326
50.200368258430295
50.67345477716862
51.473610586595804
51.248482466448785
52.00986036935613
51.02551359989665
50.63950617540435
50.74130488367437
50.44879032569093
49.97945683124325
49.985455357559196
50.073027874318186
50.823551578386414
50.0005308484017
49.27799783144813
49.87688838701553
49.96257292848126
50.32197728376877
49.401453351729586
50.017721444254164
50.42668671491312
50.8070639606176
51.10839312415555
51.34828303397014
51.84561996503213
50.82284899723368
50.26008484072753
50.083048519589106
51.07198072181009
50.97946971227191
51.91429987410571
52.287691109785534
52.81777217274625
51.08996355273665
51.8439595358777
51.647610488564204
51.498381839373096
51.06776311435022
50.508501271834
51.055123990138206
50.790950685972746
50.65217928984753
51.1290642869569
52.06041973560856
52.17984609060586
51.453466166676336
51.06680328038603
51.78531269528681
50.609412764850326
51.77120861367179
52.474709166422194
52.48510090105555
52.516382348574965
50.91555993290905
51.73296980431071
51.12684830450322
50.658275327792566
51.48305180152667
51.72278849984315
52.30429598851107
52.21956958195639
52.25408357675639
51.096309396305394
50.56963259870035
50.06202768755827
49.428526684404304
48.9317336708347
50.34032015490626
51.27030870451798
49.265543014719356
48.19533640525724
48.426085386863484
47.705336557660544
47.79329090749598
48.056924803315596
48.41759036569857
47.89210904284149
48.663991708655885
49.79743951892531
50.15510183734815
49.40301356402968
49.910069516210704
51.112356569931144
51.44194230000744
50.974605103340004
51.25983043278395
51.130861640443875
49.88389204569302
50.140849431751555
49.7873087535799
48.1304610622346
48.577247965618454
48.187506302766515
47.82940246840829
48.84314883723538
50.88569809891616
51.50221697973919
52.067448843457115
50.20697794466611
50.44034555377548
50.1229397836931
49.913054302707245
48.79579895861914
48.05961434691727
48.07922532104652
48.32274048836054
47.490995084522226
48.35106721228725
47.06955187642527
46.74161022750926
46.61079478545138
47.48311712106714
49.17222050201161
49.904697176881896
49.74988401721989
48.59370527435896
48.02649792423339
48.25294089506907
48.409038372681565
47.069270208728184
46.81468171548575
46.237565836325885
47.005917234925676
48.0929860620497
48.50452371379071
48.510800691461036
49.75501833271255
50.00268515718379
50.1705504574517
49.78752839503587
49.020891154117116
50.44696233985425
50.22127100646284
49.37506712995511
49.56962280188827
49.3095817458845
48.25367503800388
49.1310133803517
49.28666147835111
50.29025322269386
49.54135087447346
49.58265130514505
49.754169199150965
48.88389561755925
48.57719596658135
47.968531824612455
47.83871597920201
47.28904933896529
48.54711854102252
50.33864264623903
50.01561039097441
50.19545146842744
49.59841156566605
50.576558233703125
50.526390835744884
49.793160892858424
48.72594748268101
48.03321052624536
48.448426717069204
47.79068305611516
48.398068077771825
47.54698452606207
48.57504026926895
49.45088235486098
50.33434043740292
50.618883842939205
50.770188949436
50.97160061790342
49.95687410450218
49.68318870840526
49.85143096008851
51.202126029888134
51.2707427469904
50.726412949795645
49.56529551042876
49.50717512901398
50.23226448632439
50.600135593236324
50.116123464229446
50.691296408185906
51.01006672655509
51.23707084328254
49.756489199091305
49.6185696427722
49.00123881445019
48.74218752824543
49.67801364271111
49.27424012187331
48.73307390549117
47.92252998509393
48.9579517669025
48.537395469445805
49.20244323047427
50.38885435036519
49.61531606366679
49.70717775953408
49.04002385858443
47.709195384244204
48.659680591595674
48.42546378696428
49.72261828073599
49.18340352112661
48.19035048612637
47.5485435697267
47.443493787309095
49.491185488695656
50.09534654218411
49.73277966056419
50.586325101454484
50.618823377829806
49.86247819681497
51.16537848269414
51.926249305634016
50.758996942273214
49.76517340370723
51.0935538249904
50.51046376786475
50.93983017432308
50.53780218040518
50.796696301668334
51.25705653849982
50.90281060792493
49.644676564055146
49.84993676008174
49.0257137932755
49.46516414926054
49.0057608608396
49.340157028143544
49.72886170201496
49.28329159729326
49.659027962400515
48.645716775408324
49.66530064608342
50.47938610306918
50.42246627984025
52.08077559275468
51.671883425614276
51.525539508388135
51.609568622324616
51.40202350945015
50.89223748176949
49.644862259462826
50.88004312244404
51.06575683032704
50.90304566118415
52.02721967336206
50.70484318087012
50.12839024729041
48.99540846283557
49.691466903066406
49.718540710910574
48.53783063762954
49.66511513728617
49.01364772561964
48.40227008647501
47.9362152120483
48.25737402120102
48.884357069540535
49.9482157012569
49.58226500616096
47.51132582691634
48.218962014369495
48.149033039247364
48.78110705701138
49.24474083950544
49.221180332299916
49.981474241088165
51.011852085800555
51.258206754620865
50.693050966042726
50.06188366821396
51.339039444878075
51.17635190182661
49.38611008054177
49.12800633098933
48.69501061975898
48.80578319472536
48.555304800023606
50.8196244185759
50.488970487979216
48.03770404392078
49.01594671668466
48.87127465916666
50.96091837687694
50.88715472728839
50.41305033218067
51.07203196533784
50.90051857244397
50.71410435994964
50.2347798952259
50.20277991249122
48.99343743453574
47.95523084235265
47.46489263428427
49.433210382985294
49.72423027108544
50.515992900721386
51.6210904403552
51.21037072339825
50.27656083435268
50.688723959854045
50.727052009642115
50.151794699281595
49.91119695104165
49.743772636809766
49.372801364885895
49.21211081100126
49.38481519543951
49.86937691289595
50.68030864051343
50.0214535368553
50.374719248822906
49.79651008742384
50.363917948925724
49.26480238550262
49.59413869840659
50.33199370215516
52.94205837111399
52.9312322552902
52.243502741417046
52.441334448157406
51.32121787882796
50.24666687751132
50.89649336977717
52.425577089457555
52.953599565615946
53.247874200325
53.0705243382018
51.35061387185118
49.03166218027248
49.81503018972878
48.53647797370329
48.80615639196879
48.53407529491352
48.80551090725877
49.003911976908064
48.46216285519975
48.31730314598269
47.76303172969129
48.78739980283254
48.831316897408286
48.660603007003
48.48851761674419
48.52887658672895
49.48887531802898
49.68006385381761
50.35841509950616
50.67649751162608
47.37390113629941
47.42035935204399
49.337312392756466
48.99000815845094
49.48851374502379
48.43401208158484
47.702134802279744
48.494659827553086
47.92003454529518
47.5337266557176
48.89416747720986
49.251281381759505
49.64430306935449
49.49518376995424
48.72549762628444
48.67580196659998
48.56913961618013
49.786551673306874
49.76849007706826
52.128095720043525
52.549793244332356
51.13106212658518
50.17264016464119
49.5063126809588
50.0077433877918
51.11240200869487
49.56953355998794
49.25121111118401
49.22050799025298
49.500271328580766
50.42514712635665
50.25412206514445
51.008741126718235
52.1299219657265
51.662176472980825
52.2698155100587
52.714208945397395
52.99816030841537
>run500_1
11.250866083531463
11.512806431559948
11.182553853302279
10.43289473787023
10.775279099200901
10.557198033613036
10.497676154271332
10.964125932503396
10.880422051527006
10.29640075693068
10.075101429152495
10.370765687849742
10.703586621151242
10.480136957283651
10.421769256081472
10.306274781607906
9.704422218826537
9.902162307842396
9.688876541402724
11.599722913897972
12.73994168788731
13.42385672644444
12.132170462143604
12.232030017409238
12.672860891277688
13.284104176506785
14.212794622079008
13.773883231912247
13.66967913002886
13.435049319254642
13.150419772106481
12.700084236183523
12.545596624823872
12.161683167073015
13.178879146905416
14.420807567299743
14.958254611286941
15.469716156118384
14.603473117649
14.274923575411993
15.330331574819223
15.259874118220402
16.955114994848604
17.992948164534972
19.84799050827771
20.722986735758028
21.159885414275408
21.684004944012866
20.902002616389538
19.98432406862387
19.740726571003933
20.073752906591608
21.912336876132063
23.75238843452256
25.009654857852176
25.666464390916246
26.04256748130068
25.26631209356187
27.206499214327717
27.49266216217102
28.07564464676336
28.88807873737199
29.02133622167567
31.502475287698957
32.68115933419093
33.004890562458044
32.071384215513824
32.268378641486116
32.49357872816386
30.758982715248692
31.0124687516994
32.165251399870314
31.67016548264838
33.20899050085393
32.79622122601156
32.35298165198255
32.87028369875748
32.73434960616158
32.98477595757753
34.29113001824597
33.73623847038095
34.413668210348234
35.745643023869285
34.92555913242434
33.952196759062765
33.365864754334154
33.329889737383986
34.11480455903608
34.590130219201825
35.02978050818332
36.260373773108434
35.66178816772071
34.775358711108844
34.4964173864315
34.56729756430127
34.42051433260604
32.862506498286905
32.053996837712596
32.645699838150755
32.173959969034534
33.177788509037214
34.55953450220686
34.735727903843994
36.98055863752023
36.51067184241579
35.513708959946015
36.1248351353943
35.009041221817164
34.25945276453956
34.3412693275776
33.36299239744702
33.47072509607434
33.543751468498634
34.44436217436914
34.280746050126304
35.23166059702924
35.639694558287495
37.386219373196376
37.12358493413057
37.075981868420044
36.60764274475261
37.207903464304565
36.557761420591476
36.48621610258116
36.186664199092654
36.36491310592754
35.48306451781809
35.53572260265782
35.20501843431686
34.821833991741165
35.74997367443786
35.560933407018936
35.72272551129976
35.94097477061139
36.785302346952
36.835337914479936
37.969876938900875
38.80730813894761
40.2371675264266
39.947074882956926
39.53600687971372
38.87600191489589
38.92180920985692
38.71888383640665
38.00602351758474
38.80796655518013
39.532035995469975
38.82299604762142
39.685910679632656
39.13549478741023
39.81514966100865
39.686091648082595
40.4413034977806
40.55511525690601
41.039458561397225
39.65506109277845
39.98683219876334
39.65829593451628
40.43062821455886
39.105144719285626
37.75378387802188
38.33966930716048
38.39894132993874
38.46861851811344
38.932810005108244
39.519424233104495
39.291152321439014
40.0466291851861
40.36702101337591
42.06761701614062
42.86662677257119
42.05342142981224
42.200392179962314
41.28990384331332
42.83221026706259
42.09103951168837
41.61611035340507
42.22585262097036
44.480291252542486
44.39881530159472
44.725361561039776
45.551306748421325
44.44444797433374
45.29339245808984
46.5152362904391
45.48064502490079
45.33185700587839
45.75616884578589
45.156440080297486
45.52033287896457
45.91704865768212
45.09956912978759
44.73263312594779
44.50223280960767
44.79021713085583
44.4096032560864
43.62560536197077
43.08519244182944
43.03730131446671
43.53025905088701
44.34813380299396
44.949152291219484
44.34310824982064
43.71987773121014
43.571993379839526
43.216879711972105
43.2120174887701
44.09178627345385
43.3450055346928
44.2786869913677
45.98407994524306
47.10519824655336
45.88102722825211
45.24898183989502
45.65898701576797
45.781409692791065
46.867911802467134
47.99579584252594
46.728481109393925
46.38044321056813
46.46553816644488
45.10891675265675
44.624701745602664
43.94405859442186
44.52403714640947
44.6062163953122
45.50395519583718
46.60992192764264
46.89795314007528
47.53083180738528
47.01363245803246
47.47218269403814
46.09092243829615
46.21539566102408
47.55172266836237
46.550878284450505
45.260098175243705
44.469583671917924
44.39516534949454
43.8942192217586
45.26350521057201
45.16964486394799
45.61777004582241
45.70348201382963
46.54141473601994
46.77398280445984
46.35018309913295
46.27798365868016
46.34065653172275
46.196196676486494
46.40011400848904
46.85347680321539
46.59210114553389
47.56065912976931
46.749668430015255
46.019672346911655
46.02180815665639
46.40198167113508
46.95669122957817
47.18741429038087
46.512535748667794
46.36753168766384
46.760825713543916
47.17669519062563
47.03671671208129
47.575518469021986
48.29724556282559
47.62545706999749
46.61911425385726
45.31381125639202
46.63638527247912
46.92675862604012
45.921328882280775
45.09390740936808
45.329824446807045
45.1448044481037
44.66246854288865
44.559212687985784
44.254781549983306
43.74606140304361
44.35428329304114
45.067758540022076
45.864926539841335
46.90558120504808
46.22485284649302
45.33778338658931
44.86471854326498
46.1756373064425
46.91730060335191
47.61889537862446
46.842738358032854
46.8702874193441
46.765759715946366
47.318463618222175
47.72049764957062
48.387014453599846
48.15622605484418
48.56578897339726
48.35922922267476
48.09044531624902
48.17947895317899
48.860157232804994
47.81005036101128
47.44905480091389
47.5389029313514
48.40116094019039
49.29382466604385
48.50799478424758
47.51910903419489
47.12205047039454
47.124841359515564
47.71168778748681
46.95726425033212
47.30847377439372
47.651792881536004
48.03787062942812
48.39826705417508
48.38192609058394
47.639946414605404
47.649754666678604
49.0763568341328
48.98011895800423
49.68654914993849
49.276264818870544
48.75644039368338
48.15146620762711
49.13184263590529
48.92269330798164
48.89378065952615
49.95793174004281
48.11219241797096
48.04069411939203
49.324407851806136
49.696266223501624
49.33162869573791
49.91029159655854
48.820526081586046
49.777149384226526
50.37933252889144
49.847759779617064
49.32502902323512
48.08101516397364
47.66111951504998
48.225696616124885
48.70259940345836
49.511533107296344
48.295724123923975
48.972012768684664
49.30029320449519
49.69883817412422
50.12963413569327
49.2374749978227
48.61595011651434
47.94380799482943
48.53753625152772
49.56406254637276
49.70189216212755
49.68639588458538
48.37416997942613
48.69699893500995
48.70730262217682
49.30580382520912
48.99029698116605
48.231202488879106
47.896628713312985
47.57571053082535
47.23202124325328
48.25081607389889
49.242043567556976
48.280499112414276
46.842322346220556
46.532610590004424
46.77407396764147
46.913405538512336
47.312530291869756
46.73285516035598
46.013716981197135
46.63248656119924
48.58644203541204
48.533496359526694
48.26644232335211
47.15170521925137
48.06925983655802
48.61980090856678
48.63147596039827
46.62837395017903
47.08201254814695
48.616560852075885
48.416161235816844
48.36506920833853
49.39660331932786
49.30826061779614
49.234684086827755
48.556784377309796
48.79220576916823
48.87220462237323
49.35909560952393
48.3722299057018
47.98138136152413
48.02961671731768
49.407288528875384
49.759535569057014
49.684494779009064
48.90624741642081
49.11694271824571
50.07076297356646
49.77057494728398
48.79586063653689
49.42801726473805
48.72034437408659
48.35277695609507
49.78623420376833
49.45562922092796
49.11124674728293
49.24150406207057
49.635107683766414
48.909779720918834
48.03254319477259
48.573576724391465
49.710363109159516
48.364960183422056
48.809025817043434
48.34781372044712
48.49827047997799
49.10558603594853
50.586366311318436
51.60377327422654
50.705535739411935
50.22170001418923
51.20542600171234
51.49216734505451
50.85923954704036
49.66396999801705
49.924402050357564
49.60336081464136
50.284457228038114
50.4879983502486
49.820448750806
48.86197982007719
48.4673701195576
48.932397435027404
49.34444708897806
49.996445602579335
50.94075530386569
50.20678528401296
49.685829379091324
49.30458097271474
49.405143498318424
49.21063382931202
49.74856792103798
49.568056303375045
49.415567154796854
49.384766445806285
47.8604095524318
46.8537251311724
46.53885481704263
47.103887926772025
47.66125686365923
48.15796399815119
47.2177017180657
47.03415341397986
47.90539346286713
47.63925880930689
48.46649017947894
48.26383704462128
49.11049230395053
50.40805578065046
51.78446913145332
50.031419956375885
48.59849670377317
48.23751871106913
49.047534692100534
50.59667569288082
52.562139527925474
52.07587668159255
50.641602460738106
51.31962398511517
52.15735811644406
53.10261643981324
53.33072514161607
52.804913817631956
52.35330665444413
53.05155977479942
53.79667817271515
54.354246053678956
54.16198720180926
54.14032034547741
52.85110059175897
52.02952520464379
52.39469859871286
52.77035997681171
53.29736394836138
53.53949869572174
54.23914953364959
53.150917757131104
53.39183576610604
53.66283518813337
53.516199023537744
53.7097923481302
54.13223923461401
55.9677626812946
56.56358494445731
56.23000835505179
56.49133885258222
56.30063281054139
56.303872900400016
56.75446136041587
56.78684563526835
55.32751687316399
55.2158341772275
56.9923852509177
56.107932584139576
56.31776242516494
56.33683941253809
56.9215986074757
56.53123282009317
55.62765953141529
56.74476902733833
57.70682008767354
57.74141821082866
57.984116905283706
57.06745431108399
56.6956210063758
56.67926572606515
56.769802874859195
56.845680824504605
56.702920413101346
57.46930299062896
58.943019485001074
58.035143158383484
57.88939122135101
57.98027762097319
57.9571246432809
57.49485567223562
56.75350618432488
56.62028664899426
57.92781969566021
58.63600775068694
59.75643520459767
61.613224679941965
61.27252828855811
61.3300997778366
59.972995476047494
61.09462033778531
61.58116188914918
61.535983510357966
61.263549249372666
62.72838169886395
62.93615337590298
62.49290850650531
62.12056564724815
62.54345010869154
61.73975679307268
61.38544260342393
61.09798633694141
61.32640140667845
60.0071432164973
59.46084701752782
61.11776403900265
62.52356798170082
62.427120890315095
60.3177440131793
60.845734948330175
63.02602958460329
63.90374173764448
63.232298520367685
61.50053893519102
60.97948997081802
61.49026861552572
61.922812586772736
63.62951568224927
62.6388756433997
62.24826444200723
61.86204164393338
61.491905866217046
60.97402310746622
60.82464131624776
62.08787891407046
63.430409434704444
63.0170076185539
61.958940453885
61.345559347150676
62.31228538009026
62.53325273869207
62.380422572381526
61.95882837284919
61.765604654072995
61.52522044514225
61.50673500726975
61.19007444517628
62.400289700383404
62.93378266330198
62.18772770634007
61.94046903324594
62.570223161474374
62.614696404873854
61.820264435910836
61.65344274290968
61.4906606848184
62.01720367262072
62.55346312241868
61.49813380130588
59.77366733096909
59.886468304866185
61.06778358889166
62.39549251770479
60.717342250465556
61.19567777202614
62.514812735080135
62.357622503646986
62.17150810623305
60.51940040858408
60.59614043523266
61.29100518499962
61.22537566664524
60.82401754598849
62.24887655475597
63.468936435275666
64.18670745348014
65.84081174658886
64.46332791034106
63.36944720185283
61.8037803635264
61.961435522654185
62.81014959649418
60.621965118333705
60.989875497825395
61.58544536015733
61.04311979633997
60.99904545233994
61.27784328434746
61.03728843560502
61.0265172145495
62.06958584372415
61.99736207878117
62.642237294311755
62.30863402658047
60.95715456844281
60.74559238836728
61.431954845862755
61.37565916858493
61.19753300651775
61.56321986072872
62.383362444423504
61.88276049350648
60.86848339922273
60.79548135511384
61.67026711246067
62.91329684821886
61.6898149817213
62.08403706770739
62.96216061399615
63.317915504821485
63.065335585512365
62.66616240239055
61.57198691089814
61.13010716330694
61.66548781731772
62.6021749746953
62.8211986510666
61.47373600602675
61.997179168184736
62.46846887124509
62.658946991963425
63.220457643847844
64.09159165763961
63.23948181457025
63.71535153831357
63.36632566788601
63.28806099680399
63.33980258338094
62.88815680272168
61.93757291783331
63.00532183848955
64.23853916253803
62.34492905568618
62.79447265924426
62.65683349924092
62.48660411941058
62.1745194222264
60.43271761728443
60.98965600202935
61.90417428132363
62.9802213267033
61.89458732844502
61.63899277602289
62.57261706740989
61.84072364566925
61.54987576926307
63.218311298076046
64.74831073286806
63.519239211403416
63.12558274503773
63.067445750081255
61.96568437762255
61.704291356506666
60.93912057816187
60.1849048188178
60.2773251152292
60.606769435449564
61.32181837113577
62.05653194580351
61.91910702307252
60.32744737690824
60.10044174223458
59.3160550512302
59.38898690015046
59.32037873837835
59.20013739688846
59.58189870813535
59.76448609169954
61.25861412157575
60.47298502831481
60.502178395837134
61.65978272022794
61.866447089855846
62.34609287803345
63.51548521840051
62.969468865110336
63.63924222150761
62.50499969822684
62.40500397157674
62.17875132408131
63.94120320663903
64.08024023400115
63.546323958680894
62.643716958516364
61.8545062800427
62.79697118778215
62.911269276223685
63.14101461175031
63.07806399229763
63.38408341766231
64.21599152462034
63.57030939571653
62.532494330908165
62.21564520944875
61.87608836901294
61.41183100436199
61.939407428100886
62.14827099153592
62.53793689886507
63.19771548591582
62.89173280071615
63.17777082760946
63.3283053518785
64.1478550145063
63.48513891894999
62.258112785804556
62.31827584188259
62.03916239238782
62.04081278451112
61.50868603967444
61.15232498955076
61.39561735539122
60.93762511496169
60.53608797029402
60.57007937368743
60.45284292571052
60.52062736130976
60.116569719403955
60.6040041488224
61.11045159582376
60.95263839783292
62.19131830440759
62.231906522537905
62.919670518113634
62.755054001536664
63.54302791266212
63.85253853113044
64.6676224570558
63.79521041029572
64.74780238860957
64.6287545813808
63.28141601462365
64.29447854514605
64.2997708096779
64.52636993873193
64.10782101639778
63.69877857032656
63.02739682772477
62.2779127543543
62.937324172171365
62.53874969280689
62.93946075815669
61.87601433440475
60.65848988608577
60.24007038874706
60.467153360098635
60.084811964888
60.42777346434104
59.903189341899925
61.61707474825935
63.07157441316092
63.05904373458857
63.43730902896538
62.99903603679728
62.593301383654236
62.05410068682807
63.5105449891355
62.54915197926213
63.41435128491985
63.971889834302694
63.79090600968071
64.80565254200461
65.56899792114045
65.23688102171783
64.63990127012137
64.46275046469792
62.63747623916889
62.89104608355724
62.95357049617031
62.486369042702975
61.61639021447667
62.38636812894119
62.4257660945756
62.88638757161589
63.172426915722134
62.64707390229145
61.541721238097026
61.20888609029346
61.93822555364254
61.77560439469071
61.08988448702222
61.21636076078538
62.49938860701074
63.188252933898426
63.447411830830205
63.01532626599043
62.82557785110457
62.46662826736385
61.04715156871176
61.565565752533765
61.91597837573327
61.50176162705095
60.86411325032024
61.688541307297044
60.63132094979432
60.899089690949175
61.55913716005675
61.61583705491668
62.352165793869936
62.867784897324455
62.80943345206733
61.44958057373658
62.726509359736745
63.210276342622734
62.75659215487025
63.08755316615453
63.98313047582686
64.12367325348139
62.281469017583596
61.98671481094961
61.67892411243449
61.14750686563606
61.48454757029279
62.23202344734504
62.00407270653776
62.051432631431844
62.43590651448508
63.73979285382907
63.73120974724181
62.76256603381449
62.16929864774583
61.6011912543832
62.792467215124944
62.45665427986761
61.780397929720436
62.16596701351277
63.307317434171054
62.69475092695686
63.874851889898395
62.627387090693006
62.91859787671255
64.79675976669908
64.49063526724329
63.56079075993821
63.11676733622984
63.25275791778804
63.88048096863662
64.80465072513573
63.94029383541856
64.57154056911254
65.06970588379977
65.73180983729497
65.99053743029887
65.02980720487118
64.41840808949125
64.74879828910262
64.47067850163053
64.24493346760332
63.76890332631148
63.809676779507704
63.32131806625658
63.73737125089975
63.53128809933717
63.78981435283286
64.13027003904351
63.25776432894815
62.88908915017004
61.987312315279944
61.26958595966171
61.754574255070246
61.84524225731011
62.931633082797454
63.05518100062208
62.62296820797832
61.48866774488117
62.04172644706191
63.01439773662036
63.73628253949954
64.35665474943511
64.54638836215831
62.312909242255905
62.64179484480741
62.45591704369768
62.847987220078835
62.57565547878551
63.261986662173065
64.09884222797527
63.28424082015797
63.33858756627814
64.50812560488647
63.535407507067475
63.51814108466236
64.53578773415525
65.75475897450046
66.0094053965382
65.29062026164723
65.93110854313039
66.14234121571006
65.14803013160711
65.42547129571024
65.50228212152997
66.16289842058998
66.54989541959786
66.7682684933398
66.55395158258234
66.9490319669082
66.47116508509413
66.32426185107809
66.91949454776574
67.07196253418768
67.7038128431779
67.91127756352192
69.05577249603559
67.04961365249535
67.48783731988307
67.63121380777058
67.17753109125147
67.83173851706573
67.87814391870832
69.00521486312523
70.04214346225177
70.33516201265907
69.36582302475477
68.67733294288338
69.16095095049265
69.22481590220957
69.26026798034151
70.22258981790058
71.51155031301862
71.0246206037553
70.95105214716726
71.28020091725038
70.19499036810076
69.39213812263282
68.86617697019287
69.8350069308786
69.58139149353488
69.33934258971685
70.06985258584311
71.64891510460552
72.52614201412675
72.26413125255664
71.65020574174412
72.02972362863751
72.77982607770453
70.89495013693221
70.50489686220723
70.55742621780097
70.68518529606017
70.49146170981712
70.64831969832535
70.32908527855905
70.99690423069607
70.3228525999229
70.35403233041214
70.9622727112189
71.76472116626209
72.5810855677119
72.36970519919478
72.10110094674067
71.87887562667483
70.82973157681417
70.93767544874352
70.63496517378984
70.96245692844377
71.24847828606839
72.41854789720067
