>run200_1
11.39482687585664
11.250293404763879
11.326722601141245
11.01192669457715
11.44932862715217
11.236121104507966
11.081623929247284
11.267520996021213
11.170526473829746
11.355392445236554
11.18934367797004
11.231891490192538
11.18136285396573
10.838866336764275
11.344950113384098
11.147432454906786
11.54251147559037
11.183980826873464
11.128631320601308
11.728363602627944
11.428869409055217
11.177623453616661
11.198876828927933
11.2679075404397
11.143934456403478
11.339512141520686
11.141383791824055
11.31446634504404
11.328014074963782
11.352611382046675
11.237770417537254
11.081738824455126
11.514541087876271
11.224736354022639
11.354793097591326
11.19683001282829
11.148655234529794
10.812835642688649
11.29420038997151
11.367484389400563
11.334102278697594
10.981800106799225
11.330550890289926
11.10372197837217
10.951811441357476
11.024689823764003
11.110566979841646
11.40773283138574
10.967739031345968
11.016777659045124
11.156131362686049
11.524108145545856
11.081797080159143
11.048158086605035
11.282211580025587
11.097277902551808
10.92098800980805
11.118417782245633
11.18243936998481
10.785059388222134
10.949628093401573
10.709843050589248
10.94285588531176
11.147122048332198
11.168808577983514
11.076210426014578
11.263821068237105
11.292076192307563
11.044178969773322
11.218522858305155
10.972535643424976
11.038420949245937
11.397346734507776
11.164725753702609
11.11130850541609
11.153382731634744
11.240602350517753
11.368070172647837
11.393133419746876
11.090684868496504
11.072556429768207
11.338236690571422
11.265482797712522
11.349623261089327
11.264776573482559
11.238189055659722
11.076534424043503
11.022640176553464
11.095012231701872
11.46558362333283
11.449322276930292
11.063914185988738
11.323071851917701
11.162164692965726
11.263735472445202
11.283387093477911
11.011820533209983
10.917946757847885
11.146037727520811
11.364956190745497
11.204211114779625
11.077895773276278
11.271304832702999
11.148687208664693
11.339094615964456
10.969889062495975
11.031203824308378
11.40999071465292
11.238685520646401
11.292915566012685
11.424026223292161
11.16951568172515
11.104684058462764
11.027131984343097
11.328395741867089
10.9305565362738
11.29355146873359
11.303553114550638
11.273212381972236
11.149928881898088
11.245771948045231
11.341279956267222
11.399315178877302
11.220293540329179
11.065974514536618
11.069462256047862
11.227820713161446
11.197370922262355
11.147850688096035
11.135477791358653
10.770507757622546
11.336176819813419
11.112435703310329
11.439986804239433
11.20867323823274
11.149250956940174
10.859421856378379
11.218126588532572
11.256557934447361
11.07808849369245
11.256949269426135
11.099228381081147
11.09622883062015
11.207289875641449
11.489924635252802
11.697898661795582
11.119580971204131
11.102745947295167
11.451007528309624
11.395116753197525
10.803755758083192
11.304869063945677
11.106951683703574
11.157974560258767
11.433314649864771
11.31864266762723
11.241899509373113
11.146400234504064
11.357161667447755
11.55863107955883
11.472703644941042
11.575744760517889
10.97459456223387
11.28060962257071
11.163264774664437
11.158564723744119
11.051601566995727
11.198129981646558
11.64549922280363
11.248445919324563
11.29654840255644
11.172249639646244
11.18257893756836
10.951931219043916
11.228046581351057
11.047626412117115
11.130563548494592
11.148956335971185
11.114780755150626
11.10262532251027
11.437945314239384
10.916420541400678
11.767706198706062
11.343645683535595
11.316602637990323
11.489167527151114
11.415643667454981
11.579499052496118
11.339899905997116
11.270543928285612
11.156250575084798
11.315834804056513
11.077871024049397
11.351486082194064
10.884673075458847
11.619914231328211
11.12830237530881
11.171912981333476
11.519086267336027
10.980281886110923
11.342172230636725
11.188950763875136
11.281141062898449
11.215338273392907
10.955319830846392
11.303618690766147
11.53440151630488
11.16703551734353
11.139024829685239
11.119030373228755
10.919441836947323
11.315777538728046
11.187386189151127
11.283120347977802
11.198432039361178
10.861582753594046
11.337819658195956
10.916147181766373
11.157313373984815
10.917687785401517
11.279947734102466
10.933634786032194
11.002738179227446
11.087490054878288
11.571136250121679
11.0150699231577
10.998451304985311
11.210007794647119
11.265677966805917
11.312760462857701
11.23161202235075
10.983549352394514
11.597620714739467
11.358625195636213
11.170206456548545
11.030184664283333
10.862242499807431
11.73514115318089
11.321636167362545
11.171832506075908
11.535977181604919
11.107347887617001
11.671489741616968
11.212676181599802
11.24719921114628
11.114272898844606
11.196321740650555
10.927556177891558
11.250980877934488
11.449693223570037
11.199954890478368
11.110878551701338
10.978842140296768
11.390838752205305
11.282034517208515
10.966646917339325
11.231034263136177
11.235545700701518
11.211887937920782
11.079556254100781
11.150790380613296
11.062507221502266
11.10021525351069
11.264419837080064
11.291587947059911
11.463381244390133
11.066038427473954
11.34523791690181
10.941208627555815
11.313906003877841
11.499521625784643
11.068396218988308
11.071988595567948
11.504948703506539
11.143841261793394
11.207371870829233
11.402653211081104
11.229034398949175
11.33265870303491
11.178873194655992
11.214961695417653
11.637448706008678
11.344828558228079
11.251663501349054
11.46914833854467
10.972579182328895
11.16301902837564
10.9869716525374
10.985958729449836
11.4001178972762
10.952920360233234
11.056485393429043
11.134404540789639
11.215319250867957
11.021455988542009
11.064874427492349
11.221743460971664
10.878967678193554
11.553479295491353
10.9421930547411
11.014311056633055
11.06671151865513
11.311722989449576
11.179367673062607
11.102546069054428
11.267574523867511
11.36996860369042
11.181011201226031
11.073143448373896
11.015195918498826
11.33378809360135
11.421232247684102
11.356248681361674
11.167184670219159
11.235570072006798
11.129229599083091
11.198423659976088
11.053707579271826
11.317094696528924
11.218660379312649
11.237472417549549
11.291772896526156
11.309435347936923
10.76336965124917
11.200195720208335
10.90535929779524
11.111212478742386
10.852870719900713
11.067847707032916
11.092760490534431
11.143953784029915
11.009337040772962
10.9541026041256
11.338690721298454
11.283044582936869
11.352122868418604
11.107698900868801
11.107124597558743
11.162431845164395
11.270170277185173
11.33911926438383
11.357108166928544
11.09629272919976
11.22248980811254
10.946300777211453
11.053439534769746
11.05132943728309
11.006471455610798
11.295546060744757
11.067068168070861
11.024315793725373
11.006166008981706
11.170347517967949
11.46502636841833
11.25898587042507
11.390655379767306
11.441241043392067
11.188492079886203
11.50851121979596
11.256625639836344
11.257689595721418
11.256506011327577
10.9703058308253
10.923316180328122
11.117665770762812
11.06925495671153
10.996637862858258
10.909388465089513
11.063241054449001
11.333737051009223
11.38710294605595
11.253373059974514
11.306283989016215
11.15530498401398
11.185054383544047
10.996121431663932
10.899278964575593
11.120823309207912
11.350187787328306
11.298112964406563
11.441178060637974
11.003948109884817
11.153224564657615
11.06163232213182
11.23765901555314
11.154813681807664
11.462450823905174
11.317787288273998
11.525924192825345
11.099893330052735
11.33738480770763
11.396982776975563
11.093483454827753
11.294252691569636
11.150419552538956
11.3346471175714
11.50806537027925
11.319442909402108
11.17339726498544
11.312214758908643
10.961910176408072
11.205853149508
11.215489359922856
10.846752068955288
11.21684867196222
11.179585235238218
11.423255002888267
11.112769867683797
11.425319051995812
11.45155727254774
11.31591500562779
11.181826871140656
11.077181639460528
11.044332150239557
11.3515841509288
11.251724394138781
11.284114222362618
11.08115137155908
11.205632910497538
10.945061498571182
11.28024119071473
11.365632411699522
11.224618036565214
11.236457801478728
10.846602360097048
11.20944514003862
11.62487296521198
11.46779502868296
11.716046934068386
11.35105169028754
11.124953745238969
10.889408333510241
11.31916502815087
11.046206296998323
11.236346874296997
10.973996104423769
11.392542696594983
11.511054138670826
11.252256928491734
10.997792488883574
10.969338101159664
11.075060306355814
11.411491567042166
11.129432329594108
11.208021201899744
10.9490899241728
11.097079280507065
11.211431484509692
10.967455402048529
11.22372434685907
11.266995159535652
11.371938842912352
11.29027243449027
11.308070554601544
11.051632598929391
11.49687103333063
10.93461121293582
10.923372052404483
11.2671874934773
10.96297611685836
11.449513610723866
11.083911353558012
11.187820760494258
11.203232719455988
11.04334894251447
11.009247063465075
11.104570122204098
11.069741302659224
11.241223516450104
11.344652473686883
11.211676086796611
11.129553793809647
11.25699075683408
11.36493789904946
11.387297944585884
11.400366443736463
11.192934524090264
11.20602207335511
11.09230784857507
11.226858735614599
10.985685395637004
11.053609317823472
11.271597474659401
11.297223762214754
11.175353971167413
11.058792331634573
10.880000062901342
11.075337472483952
11.222711358282615
11.302808637350344
11.082868358720848
11.480684280061649
11.031910121810853
11.242220242978963
10.960716817415777
11.180903706498983
11.2428984788981
11.507806863069083
11.165255555553433
11.138237555710687
11.338185044578632
11.312236400275049
11.067989044179484
11.245426666580585
11.32517155176848
11.232473182290402
11.810380979837454
11.401371776466407
11.089448668714427
11.096041198476543
11.312860352005275
11.224063840954392
11.36099075161203
11.338140271228362
11.167516485947004
11.505661922149994
11.33184752308186
11.286788941910853
11.258835423145822
11.38610863036773
11.37109477451204
11.572695213649176
11.362042811780338
11.167658036769353
11.19705496554492
11.528864626678835
11.10652424444108
11.519917547397606
11.061459513502646
11.068051315755248
10.936759796774883
11.302946311872168
11.813815643920595
11.299895704286197
11.120825996807707
11.33456594267672
10.92845326033492
11.130403932361993
10.94058774211659
11.094933805675847
11.323124338838616
11.42031205124687
11.006773741909264
10.972024184914844
10.888015300129881
10.884473769443199
11.223881219170009
11.259117331896855
11.19390328142463
11.415077148437337
11.128764234086217
11.166415779704371
11.158713136217921
10.982172626209211
11.114244684189806
11.333888049062804
11.194793246652244
11.146612930700602
11.589131392280992
11.315319894648331
11.026749519646167
11.10790525491167
11.276749033540435
11.102487844661985
11.21920718776912
11.22790020316153
11.131502059677748
11.36574062992972
11.110439382284033
11.549015927021332
11.137917522833959
11.219260764190063
11.437948051900838
10.87896476606034
11.052407631507144
11.41175266419125
10.978111665955206
11.18723382352197
11.34435463792794
11.149364858935039
11.385577749530539
11.32002174301498
11.324673077628127
11.473143546423723
11.09287831117898
11.412753969628747
11.260021614066334
11.369798339204419
11.454181677733008
11.598146189003128
11.174783352663137
11.377510162783246
11.343009312002293
11.01558150345096
11.035586835440762
11.047286827957407
11.481531362762524
11.019259073588435
11.37081465931048
11.344193723084098
10.900852773434622
11.219482006484503
11.229630933119115
11.016546421452288
11.122406737670495
11.25586526299715
11.505382331963263
11.494704843668375
11.241609852238357
10.840186126529717
11.136320359645925
11.159539079465132
11.175809083982033
11.48940588432421
11.156845921998295
11.199906209104455
11.437895390815525
11.140953660088632
11.24839577675218
11.258575117397664
11.410498049215152
11.290821852144964
11.074789196763263
11.450997333338233
11.06753798331871
11.167238941394555
11.156456111628598
11.316339772545657
11.181144967849322
11.521643384573824
11.299313445482323
11.053351049172655
11.401274963501072
11.276426592793625
11.35002986061069
11.135508684719746
11.41420264934567
11.489379921703861
11.057902986071449
11.469578041293996
11.252140406405141
11.640795333960993
11.076184117823793
11.273054419073345
11.068770048344867
10.903710561821784
10.786318359358418
11.170459715416262
10.93967577760512
11.198365396010246
11.487229201728843
11.065669555249658
11.018598578017224
10.645824388355532
11.077693310779342
11.278193759166173
11.27712614748923
10.800314450416654
10.751106946544175
10.944209659541826
11.190025961818703
10.897799527917623
11.359269838857879
11.327839465416988
10.9805886804924
11.167702339117227
10.8843978358075
10.877603929752086
11.090932533489477
11.384823282180248
11.337790694786362
11.330046469579333
10.986361909117454
11.278667543970062
10.859628616836284
11.350217701832984
10.89473657585727
11.243177287419641
11.062325892752762
11.351766361743785
10.951387428370936
10.941123682961118
11.281500430945304
11.066907252574953
10.945194073947318
11.17324789211337
10.952657952793704
11.127047801340018
11.045654260148703
11.210558447881926
10.841597957372638
11.210026947141571
10.915992665678147
11.258304060697924
10.827249096524568
10.955822457107729
11.501184963394856
11.267024790819017
11.156730059229506
10.627204423864589
10.631527785237978
11.025094118789154
11.09689358532334
11.094099572117793
11.046963826123902
11.180671484777415
10.450208485353308
11.311980450464706
11.232248571002328
10.596111832393387
11.424772530201817
10.637339212157825
10.36624517263715
10.554504577681476
10.638706402983987
10.63022550183502
10.546214192688813
11.141478620575446
10.884161750881075
11.306076335362071
11.197043692089155
11.228119549902058
11.249866825427596
11.461344354376761
11.234916384119868
11.576353494629684
11.20048053594951
11.175044435358961
11.184529290605361
10.840223896428915
11.014655511552471
11.285384399421403
11.291959712320908
11.399331130015904
10.915823146096027
11.162404264357983
10.994447112064295
11.076829618004563
11.478228993355522
11.180646464527934
11.328671487826048
11.282068542193038
10.873762085889954
11.034222238757586
10.977709337050657
11.233956244370795
11.045730271047905
11.591929446315781
11.310361740209975
11.660162489148538
11.10398497926629
11.384016382600198
11.46130221141834
11.452335910155188
11.138829384756718
11.453012589160753
11.36387176281278
10.995226899650522
11.5523524313115
11.741957734259787
11.129161629953513
11.09332474419571
11.329137607192067
11.192576943389447
11.337530689010057
11.659645908120812
11.259597375439409
11.102044604767832
10.987788678031421
11.251969768298514
11.024410520502935
11.372936508663704
11.13956139710612
11.54040658434519
11.303350591851329
11.298154397050226
11.177044083768735
11.117764734600636
11.533887755055142
10.852520086608525
11.404263677400392
10.830949591089865
11.447828102500944
11.293507566226408
11.081883165994887
11.314404113756794
11.016078089152256
11.48109238400652
10.983973701788916
11.135936204060938
11.216931587907952
11.379523303146199
11.137765807160992
11.43330320979764
11.288825475410775
11.569140972321776
11.020327245890243
11.19560935177846
10.957178103578224
11.62985448884176
11.138988506297615
11.307064677714346
11.102415626528648
11.575209596784052
11.718157252687048
11.28285580143439
11.101195138142414
11.772555262344872
11.242736401211543
11.154585225060403
11.1176162908094
11.488481301724022
10.985110279359315
11.349103265212555
11.61695789624999
11.52866166508941
11.253666823104624
11.277600085932068
11.304484260752995
11.347276721148075
11.241516187567534
11.4545677484002
11.464650768422006
11.329499108762235
11.25391702759585
11.05004159275622
10.989449463624517
11.019238420566696
10.840615478310685
11.417389896621547
11.41613889680766
11.485501572343106
11.05562480319519
11.382209698166555
11.147811634201052
11.171646403401537
11.38876062048246
11.657654045662477
11.23919583849674
11.206365428230205
11.30594507501624
11.078882171445391
11.168557536187551
11.185229742701951
11.88611210398766
11.506954720748789
11.264510602171283
10.882619603254513
11.47232405439232
10.952127611005364
11.38328141701961
11.076031665968253
11.165365451899046
11.114370684191075
11.460765855968816
11.239901891775515
11.496939070850297
11.160983259404144
11.153297009086666
11.204115118604244
11.194655666292329
11.061852601277089
11.46055746805459
11.34868233913537
11.317531910655424
11.219887097712562
11.037108405267254
11.426409194096149
11.36537831561357
11.182066514382164
11.335515508537668
11.126813920714323
11.094092924426569
11.241328458746588
11.152838619999997
11.096143765034016
11.072271389121694
11.004978737544057
11.237534673386605
10.979669699341622
11.135411198933381
11.37548134712664
11.217477133748302
11.164370024782306
11.17422501179149
10.551976925710756
11.495693568155101
11.04881909176999
11.258080340035407
11.456206242249435
11.12237195054482
11.178362392240903
11.185387154724134
11.248770683784825
11.347820392674377
11.322477236321246
11.398482404370355
11.02297404076789
11.163760857964842
11.32690597126453
11.198024795979672
11.414010672478156
11.188869877502196
10.57392592787197
11.084766421663677
11.143601996521232
11.214247403964558
11.287890591687228
10.972766099367242
11.347371829732667
11.265647468873441
11.393396067131086
10.877351521092042
11.288143045357781
10.905050052009358
11.504684076845408
11.260609612779886
11.34155602359912
11.103398232125075
11.038679180435748
10.829557135638986
11.032148302337955
10.300656526251364
10.84261894657941
11.35224392909343
11.150620783531803
11.122585000185992
10.128497476470649
10.497098254550023
11.07980450762423
11.356119101991123
11.002582570371917
11.261379942336292
10.833905946009502
10.80575894869824
10.606911844145486
11.272607204978488
11.185690567161927
11.2370908607551
11.034643752995866
10.872351678519516
10.91613190935547
10.766685028636232
10.947142745186074
10.479675257649303
10.572578684792777
10.613831693832838
10.347064444241036
10.632714841529264
10.754069282161225
11.568241520039477
10.592734492511996
11.909656255303059
11.252062551832747
10.801148290324386
9.295742302827591
9.300864162583363
9.784002507629275
10.823406435237546
11.321128700220722
10.247430721478246
11.54372560066462
11.557217065343448
11.618511645979467
11.879098645383031
11.064556187728991
11.246362897057098
11.045261107371035
11.21716759551567
10.61655301514687
10.447157374674697
10.656347981255278
11.050338410569351
11.285584627374167
10.884441390809059
10.836145872255862
10.749330256787507
11.15515778190438
11.145490698476014
10.444027111098329
11.226305489790285
10.931686720404086
10.878462600921827
11.185005687302672
10.983118095393468
10.937260302574419
10.093634088571083
9.512311204501769
10.822681108437312
11.08246692080011
11.968979744347536
11.173144446702073
11.567127402754219
11.162098511104913
10.718886906427894
11.295226724167982
11.765916538314055
11.342360209290883
12.295894542832334
12.145189163158111
>run300_1
11.332838749812707
11.100170702739353
10.864575731418459
11.01930567851273
11.42252087989188
11.361659113249258
10.933596697326628
11.22425283898185
10.94343243306643
11.200692476467056
11.363050523400835
11.226913572294265
10.93207289476107
11.294692104978866
11.112499503805294
10.901516601955521
11.1339050538263
11.137023584863607
11.240786253123101
11.248879152681173
11.077914773697946
10.936328519391527
11.33294793683044
10.778091397944314
11.477288290831474
11.368981011428525
11.191355343809091
11.298924897262223
11.519538009192097
11.299086237164627
11.452205149223438
11.301810606600732
11.51831966955995
11.292043342771626
11.169490003036676
11.13612627062971
11.361725354308016
11.526715982290249
11.103467176751767
11.500000417821973
11.41663998112017
11.383409903571737
11.097515853884369
11.336481206820338
11.270643671230326
11.246566976442525
11.172148605969374
10.993108669009924
11.056208514724435
10.767800286460249
11.139326067134473
11.400283607388413
11.37073241537874
11.217965008413014
11.527509473024722
11.344424932532371
11.390567616528543
10.91265570650431
11.064026889538692
11.207646093097898
11.249316670770355
11.289010774187393
11.191243238386825
10.947269643039068
11.344351955104965
11.231047764254832
11.170852889076013
11.405381272118687
11.095502227894585
10.909585890583221
11.081574523012458
11.118114413946454
11.491501434158875
11.053283364104614
11.120166411481906
11.007534887234938
10.951234431976816
11.326647400409511
10.807069196924882
11.071737814524319
11.253933419994128
11.363239396101378
11.202032572073753
11.257447724435913
11.011918143942225
11.311146428710927
10.906238402776241
11.096502300619765
10.941699210265474
10.967285033327116
11.523364549760856
11.116785175748253
10.867918692900606
10.93876572199933
11.29235559536672
11.073289219139092
11.076980622656873
11.138683021724018
11.115954427889667
10.733639640617909
11.43385092031567
11.463392247814612
11.108411815536254
11.46146838030198
11.156765293394193
11.036097066203908
11.4169432964826
11.326867157840656
11.131480974077503
11.109601359315059
11.225003695927041
11.558623095433969
11.224012010206952
11.252602125788023
11.126235832087549
11.219363949048057
11.035362544303668
10.986443038631215
11.286399364296397
11.156952113545282
11.178344933874122
11.065794943920798
11.093796795495987
10.90028520995398
11.221363824556741
11.257001884354011
10.915747527086404
11.396706517814064
11.300296611395433
11.465912292000821
11.218451299051813
11.429982076320321
11.178824943314854
11.327661535946152
11.505387406488316
11.222239624959302
11.218540292824123
11.261081214994324
11.379040616790837
11.38533753051527
11.337261118746186
11.555565005996359
11.566656020257128
11.119512209013982
11.279546977082136
10.937758702037598
11.072818294739177
11.162660290367967
11.040258994221084
11.112506451977199
11.298700262449682
11.287202685645028
11.167236116193699
11.258618495626067
11.306590631104903
11.38428147042699
10.993235533925661
10.963405426729409
11.13046935942881
11.349316953044289
11.471871585224294
11.685753571968146
10.895851203612422
11.345324302905844
11.247498552144185
11.397334625381715
11.36334796238944
11.413852033708974
10.93332782489685
11.254568996660591
10.988308226521655
10.823598763486098
11.078009489749416
11.046744952254475
11.24316661351891
11.225105590301538
10.98100479445536
11.185356995254942
11.148175617320689
11.249268863017951
11.401905862810233
11.340888973074724
10.931654308905253
11.860168597196104
11.3157259072264
11.358306339644333
11.123889602691513
11.136403961682724
11.186561853311936
11.051814398268032
11.156996727312688
11.291488071120533
11.312488874773717
11.158777790435666
10.985338959476556
11.342387491592973
11.13179617936045
11.419921002194673
11.285144032196
11.246931402242677
11.429492888241182
11.120554414078056
11.092449389944942
11.265541921160848
10.94064866596057
11.478808629530539
11.387222808594899
11.498424403104545
11.040574773494331
11.335554751925418
11.122411503010863
11.190171989346876
11.516087934585984
11.16852496486963
11.43603459410818
11.54906382240841
11.289106169644898
11.13820242647909
11.404556308079734
11.051793314106153
10.97516463065694
11.574901183734928
11.169941728401012
10.824387447292361
10.918303456364018
11.287119625080706
11.627928915713273
11.063836737988465
11.207118562398506
11.236172713532746
11.315798769923381
11.328500106214662
11.466298344303304
11.644322154937036
11.356751745323974
11.199517537578409
11.168933594828648
11.24738738534453
11.269359006253753
11.222767524852006
11.051370315042133
11.15292813404508
11.272858772337834
11.480390797025263
11.32255011592872
11.330101109296733
11.494987567489835
11.18696682834091
11.218898187736684
11.043531585606269
11.205013928827785
11.353201885435462
11.201468252442373
11.141458673423243
11.432204515591803
10.975597563716311
11.22035994798383
11.093359825319771
11.310862196544143
10.809876729006406
10.92836375500032
11.352843300464473
11.286147995413767
11.179713948119801
11.388893724636132
11.18663785035796
11.310522718224096
11.488427579863957
11.00158153277355
11.333551769111708
11.145677020079244
11.381400194692205
11.240109240656821
11.135520634579903
11.28059116154777
11.34713617662702
11.262686484601183
10.853548265330808
11.039020700624237
11.214342023348767
10.963115658301101
11.340056008145417
11.29192490903144
11.133773802400636
11.289095296011805
11.36221865396812
11.24443307963731
11.05704170888331
11.78312661560384
11.383107796668876
11.09182187977034
11.16257872854037
11.17553571706985
11.150345179457602
11.16767230640449
11.5931743700356
11.036808897321254
10.84459816747906
11.139594835272337
11.402546231766255
11.305561462420144
11.334613195235818
11.059057472812896
11.112453074842742
11.26611312056713
11.367084360916584
11.324242222864537
11.24621318446048
10.932182574078563
11.085173647991788
11.068151070990046
11.145834657606702
11.02359130323414
11.040045100479855
10.952461778302949
11.05663650292885
10.773519893230208
10.861259417253953
11.590958909397306
11.083439791025016
11.3527064136328
11.181490227177244
10.838356439802654
11.314414888962746
11.251713112534931
10.961131518642468
11.404370998827686
11.07707845273677
11.121893168096026
10.990562005154878
11.38887339199104
10.878244325495645
11.077816723310649
11.13048125247798
11.06866729589667
11.233945607118242
11.217871337594378
11.152695377961086
11.070469322964403
11.284120426848876
11.13099841990507
10.99454413012278
11.178337496546163
11.439939682317892
10.89092088364736
11.362994882774693
11.003201665236299
10.838337045444637
11.463796467520329
11.242385948842905
11.258215681526046
11.009236508197299
11.4383609374158
10.975673695205733
10.99754266187332
10.200678488226623
10.937048279502957
10.905885779877744
11.024884406936076
11.021309238063557
11.54832629572551
10.645739624431434
10.699105881644215
10.596792482219092
10.939494413813435
10.982395537766617
11.52460690545712
11.130661861509878
11.143199441982125
10.473934871764762
10.705080556342173
11.158948801244314
10.75292864167001
11.107821659150641
11.423507571507598
10.938978347145325
11.110510298876838
11.529228990682858
11.185960711104624
10.976801623395282
11.245173414292868
11.133134683447206
9.968045200918777
9.822465145797871
10.079596905940587
10.876206151008942
11.008600778236207
11.240800608179255
10.459657570967304
9.980834461991936
10.65955062193494
10.234843897820964
10.318673696067046
10.397375287444973
10.272953205016549
10.47206077053341
10.728211151208003
10.604371423429203
10.882705578327416
10.657920017728769
11.21680816652405
11.1533401178551
11.120201089123004
10.971821755337233
11.268853336472626
11.285689062225998
10.51530336188249
10.670389559416769
10.970309442459419
11.278743368864907
11.1305245652912
11.392452937865807
11.227098012879118
10.663666170884655
10.423170102219284
11.740391681996623
11.541804392048657
10.04027451079642
10.90246985242374
11.53773528202919
11.018415210240912
10.494387769379335
10.720241978203443
10.94537542004746
10.859387802399267
11.080871423478367
10.958913875994982
10.901626757519391
10.986033400160604
10.624187829345086
10.742181301600754
10.505558247060172
11.255860444386855
11.148788984264085
11.11205361698957
11.19289016404719
11.484693490716559
10.903852719262922
10.912378762804103
10.465014302150598
10.442731395954361
11.06279292686171
10.896633815334752
10.804662853051672
11.007007897922716
11.443872394825556
11.165162060519432
11.079583280210741
10.795622477518686
10.6898272470759
11.120219939885734
10.952989021199857
11.067810217852925
11.324475275483927
11.082691236288158
10.296141472169433
10.365313923651422
10.630082889160368
11.049190387127274
11.159924822695931
10.89803646870759
10.793666451869887
10.894576107570414
10.963709604153408
11.511186582601741
11.044942099689552
11.088537959973927
10.911511962969758
10.786939283110451
11.261237047201904
11.683458733998144
11.089982901802884
11.1656854714939
11.453193907794331
11.473431437335101
11.353254352462303
11.217931272405666
11.087132654629102
11.318399919992268
11.298106391867217
11.039705433279096
10.841561675962577
10.6886551095122
11.00314795794973
11.05935628711396
10.95687331861184
11.452785038031731
11.15060311713666
11.230285210928907
11.267840522228788
11.008006983205824
11.166101521870193
10.965038260352555
10.95011184382165
11.135553580686052
11.265078447550021
10.976216019407444
11.222396436232147
11.24432846827075
11.35119744635599
11.039285054079242
11.176475819518096
11.4622848539967
11.72804572556269
11.25819658183195
11.194473301063782
11.510499767659178
10.995983044870474
11.003416174837168
11.219777279042091
11.177185233718944
11.121933905499617
11.37182092708994
11.29980702093613
11.491756067489105
11.414789294296458
10.945150858690422
11.177866245091787
11.207867568447211
11.159060363785652
10.812681380172922
10.894376250998588
10.70046670066311
10.527477927431084
10.453742516705175
10.393343711702853
11.248549438695392
10.638515866713544
10.50856852934098
10.648394254705583
11.019146113648357
10.27660987116272
10.5376228507588
10.462575022344447
10.393728297269986
10.020560765792878
10.860219870980506
11.057050471278387
10.229058123956296
9.754227710621835
10.632395758650809
10.232950287687986
10.89749246140617
10.580057597881119
10.906207875114738
10.811924593613078
10.915573279149504
10.822639480734304
10.563704296506696
11.031516310562282
11.012420868417648
11.267639867319092
10.847921363780406
11.028303210025722
11.097592202843405
11.222379404144364
11.43606094289609
11.351259516036071
11.06731051231683
11.17749501839698
11.174668365208841
11.01650363857633
11.139147566971602
11.216078060543921
10.972859104276612
10.858199894240867
11.340523867534165
11.317070834885644
11.061547721167534
11.206077110456985
10.749398691771027
11.268516878423748
11.597681362353827
11.422121344990975
11.296119238490641
11.00436011147034
11.317546914258546
11.381652982530639
10.838214703754574
11.352921555731951
11.22069258927139
11.200782504842369
11.200883855475116
11.367532743025663
11.057240269896678
11.104619958976114
10.956806619451152
11.143759693719034
11.228577205015613
10.960945291979707
11.473639147048743
11.609666959479345
11.373500499292208
10.994641017313329
11.023511358826847
11.789640429851133
11.169274977250188
11.231561030556211
11.141313947659569
11.101669907914877
11.207095334738757
11.082885350372699
11.36227132762693
11.361685704995097
11.232685833992058
11.222711454146921
11.151779012535648
11.335318570831122
11.19835806519536
11.298925774482008
11.371122763751503
10.957049483749014
11.688885706819361
11.466375220950736
11.294134574347366
11.265580537149068
11.118529095648269
11.009244197389625
11.21516341797043
11.284925985831746
11.454397105326704
11.170564478881637
11.103842513421693
10.978337495133854
11.129793775573992
10.77380451473213
11.052368985420442
11.208234784863249
11.023046586767547
11.424537802513992
10.958258224145892
11.226917310246705
11.077901964676437
11.243421684342692
11.575040045553466
11.32168743654137
11.054832632996218
11.065904522184058
11.365307541509349
11.211217990379039
11.24412598553838
11.216136098623346
11.096008967089189
11.326658825325435
11.281046025661961
11.613607785318427
11.333894538391004
11.253980570792912
11.065973666613537
11.227019958870885
11.232062257922088
10.875835319528887
11.374826595255453
11.224993796150612
11.198786772024025
11.321234966191518
11.123346792680833
11.471138974402454
11.345595945685776
11.070260017083505
11.10917097436651
11.259673175178582
11.15697495299546
11.034011672042029
11.070533531930423
11.175601109005813
11.244259166008147
10.89406267720792
11.237403162989828
11.175784701090933
11.142384816027349
10.704061758993946
10.973101532899896
10.999854330713646
11.087119654185239
11.211683621510057
11.05522540172226
11.118500820490487
11.227692620571943
11.257641044020295
11.189839898509163
11.370661184850128
11.488352144736883
11.28235838002069
11.045448423184576
11.227875025626071
11.280210233887004
11.375551279792944
11.078971415706707
10.931248913868473
11.033271220159357
11.518968244174303
11.325821201855927
11.465907540843345
11.407601925236797
11.314859892915003
11.48570056401951
11.536972816198482
11.312338516260334
10.826710612858664
11.361488965097019
11.361468495395792
10.878342068159919
11.349910566283238
11.112286697585654
11.15842316744879
11.213851068231135
11.08028442277851
10.983001061452967
11.123519752945773
11.035973307897798
11.090435023873958
11.326377641772597
11.119476025248417
11.110928733815944
11.121790666531943
11.012152873345782
11.655544795253038
10.993906519257504
11.182315450012446
11.258570778859829
11.03728762429673
11.235549666661298
11.351981077917701
11.550949805851227
10.996982474442275
11.439314555150128
11.535269917597446
11.177448724608439
11.316796491471063
11.247113411278647
10.931576754532081
11.051075664180342
10.893224611183308
11.284837412432484
11.243745252875406
10.899120043549157
11.229027291506837
10.80401777627059
10.633797331094193
10.850541595904575
11.308747155581505
11.322612759013158
11.13864416579365
11.286012193037624
10.812105339084756
11.069820063186453
11.337271982086683
11.052412213773803
11.434911175728185
11.10221235786522
10.9939796802723
11.107802753347954
11.180716430036828
10.968976054149884
11.148948280417798
11.08183126821185
11.179820361560347
10.779991421116925
11.070220699736051
11.124771454319745
10.9417296949446
11.09272273431241
11.077207676317608
11.343672792522451
11.001719275432933
11.203496805260837
11.524243699489144
10.993938093754059
11.06382995724707
11.075592478333737
11.49021243803392
11.041001325112806
11.24982252733845
10.792762778444573
11.048457593213085
10.866929955321817
10.882879680022695
11.039452332941107
11.375223064061265
10.971633415471993
11.108392290909988
10.96052955508625
11.129745202465957
10.881303955795953
11.000665832090927
10.97187132011283
10.972699108555329
11.47217677671076
11.116499895607689
11.215069545024356
11.010239987556838
10.746237501980445
11.157517011136154
10.309148773768293
10.864997991832968
10.578052167913038
10.179705561708179
10.730774911122396
11.189739698908342
11.061316025117534
11.313372886671495
11.045872543318007
11.006437173694543
10.676414891148262
11.79152361655673
10.783331902657494
11.063002038053936
10.717862652349783
11.02585051400872
10.944800471919292
11.495443341915443
12.046660325042946
12.597829373706851
11.839596226922014
11.677003804707665
12.188510962861592
11.576529387792469
11.223301736919009
10.544573880601039
10.076123562573287
10.454156336359135
10.934133059016835
10.474176788503865
10.492759625949324
10.066483712728392
10.189866136561745
10.895099024493229
10.127869998354527
10.251485079791186
10.755513576193664
11.225219784645258
10.573173300575041
10.055737376904618
10.268899827488978
10.219835391952317
10.82593759979248
11.039089508636827
11.004945973452747
10.62382133128658
11.074509654349336
11.011100735361264
10.733399282641717
11.0435890759453
11.344940440487052
11.001925519534973
11.479490843158773
11.420417291082385
11.12449599078515
11.139539375184514
10.871665843495558
11.243819711328959
10.749753470339789
10.57232450957235
10.838565237628437
10.549048922961136
11.08918389333485
10.654586033237637
11.079426368134861
11.080840353477031
10.816099314344308
10.847274316101775
10.915791802900968
10.94186485165914
10.598929942255554
10.972739569281371
11.002279494650908
10.825996738424536
10.936672147206155
11.065689221200431
11.005925779610687
10.941953879109086
11.2064534947926
11.096287181664936
10.988963660795422
10.97261827226721
11.117897689870441
10.3440505004489
11.098498685927163
10.779076793674166
10.921396832905168
10.77580522066179
10.635418501087536
10.848006758927351
10.927577327137922
11.146324672774886
10.988872559296814
11.240090972405195
11.087394971599707
10.898592144038185
11.278636569439401
11.238688280405833
11.074018195779155
11.17963207346083
11.08180137405339
10.915727195136645
11.146501966938335
10.979072557576714
11.170102239804672
11.149582035854378
11.013450175571924
11.245736532852929
11.359314721745886
11.000950848554725
10.981097192269374
10.706823097413395
11.347320807149547
10.989816119491435
11.231156928972695
11.189607369976311
11.308153345300683
11.283947095413888
11.28585714132761
10.957081433918454
11.259339889834768
11.175771070296554
11.101116130743685
11.059799567650375
10.912081027855061
11.050001833545414
11.370142689224489
11.079429256672766
11.231339860237874
11.377605599977523
10.873289608336409
10.72453277136431
10.89353070876787
11.452310650467108
11.184380671136736
11.125443509833076
11.011564022479636
11.057848845849868
11.247712267352489
10.977707613811507
11.15187234685214
11.021403160019602
11.359910445108888
10.803057970454349
10.897588193214624
11.05133020490869
11.099350074278853
10.903184278235669
10.988160691535713
11.28470075462062
11.34620559216784
11.514103984498702
11.024093557618297
10.930701168239615
10.850639199856474
10.966769643746643
11.211379158009745
11.136187740813703
11.308262624980925
11.203149952357572
11.212402195568169
11.116362351644405
11.232732433281411
11.177847479879814
11.180060198679563
11.134814450273227
11.337426630609535
11.385729686473354
10.93007655299848
10.972953432891908
11.093428776783309
10.833900576720675
10.932573320929182
11.323178550073145
11.349201250411896
11.516448142778009
11.079555527238362
10.956550780821548
11.235050950858838
11.19309588690333
11.083392195721068
11.202259739221217
11.161764741609796
10.878259599409631
10.969180289395345
10.909114433806305
11.193526628024289
11.445175405848559
11.27438580503932
11.223570797688579
10.920571004367062
11.38911628249675
10.940000138451746
10.584130912980449
11.083337677529565
10.953856987191273
10.928743329361572
11.242519637982797
10.84187588521417
11.122957198298236
11.051788613487913
11.083652014034465
11.24532102072277
10.904867942778075
10.869791528430738
11.24098567903919
>run350_1
11.032539107970532
11.361126147236837
11.341123143607144
11.122059130733787
11.170383621229648
11.168920290247598
11.03254145239168
11.21256942459346
11.033717400411168
11.358237692809256
11.092087305076886
11.467508915158588
11.15137219963906
11.223122854290347
11.083683349674775
10.869394955269428
11.138395149241235
11.389822528057827
11.3128080795205
11.151958236427362
11.227934984950602
11.051794501182382
11.4285904277587
11.523260227396896
11.043858318468804
10.95086224831851
11.13037031489986
11.422874934913509
11.160293895874577
11.319818338274787
11.088745737304281
11.147102022907132
11.115260490897011
10.87227716999962
10.97161804962967
11.443031635638025
10.989965087813776
11.49028073412615
11.246579295967575
11.103911819127768
11.300052180074971
11.064043058050894
10.723350509745181
11.426332894828722
11.397502098591104
10.81444537128616
11.110421022480372
11.032159387896286
10.890635287450884
11.363150870997226
10.828575319580716
11.119244176900152
10.795552935252735
11.40209772497252
11.368104496447758
11.39492390966867
11.030419778786996
11.135789903981316
11.264117176528234
11.091631296511135
11.408801500922108
11.366288693314466
11.12141866760767
11.13345699650412
11.298625744020148
11.122502899456864
11.477714464068802
11.151607571621216
11.141040140149272
11.054927579585769
11.507177379321906
11.194178065160507
11.074255242651633
11.20457983601533
11.573994894510314
11.083249505841614
11.157215098960172
11.154266773462426
11.08534812871175
11.19633959387938
11.101037099802085
11.28708320584828
11.08676018651464
11.21770375775257
11.216116238237461
11.133445780540418
10.901418201224176
10.997332548790489
11.378826560534494
11.298757250816367
11.134444537700055
11.284600249088449
11.050741827702941
11.122724602510683
11.22525623370744
11.44770302309123
11.530359097696408
11.480393470001555
10.823198983476512
11.06224829093532
10.947186278746537
11.238928492549173
11.191078621473226
11.265444263092759
11.114439141483745
11.091497846339056
11.159192567340712
10.991194886473805
10.81758074384596
10.811942135881557
10.965930840864193
11.456353860317762
11.032140512106924
10.99337346570515
11.197943518658523
11.396872917711105
11.428228184820853
11.167643425596752
11.230095942350829
11.171907730622719
11.100788412569756
11.315743154295909
11.154911324731259
11.173294728102528
11.008320805728557
11.115908793961607
11.428373921869648
11.110265685245135
11.084914292064997
11.304049918373801
11.061496264711037
11.226802813090513
11.419703096703348
11.024546038178958
11.281694499162638
10.89971827138504
11.21499341255712
10.999583212739378
11.251335005571253
11.033024495518125
11.157061224440254
10.989967914672889
11.41037672528932
11.16162790708218
11.08590301503265
11.324394370231294
11.192060609951811
11.143363129470155
11.057346852949284
11.294722315852297
11.29028503171642
11.12258684715681
10.892915944616352
11.466040559402762
11.206042877608654
10.842834657164541
11.367703808122583
11.16104479384114
11.253717459800775
11.16493973340937
11.367462695229124
11.15981074098456
11.31744260620396
11.150093794791474
11.222801748731733
11.213956325803474
11.305298827699405
11.071884705813419
11.30392886999733
11.334084575919725
11.116504830601656
11.288186245170383
11.00810961052288
11.017333655948114
11.170497776222174
11.405876025403357
10.967550883941694
11.047759141637865
10.771358432385025
11.07173470766075
11.155586827721889
11.075640953086328
11.11205563652234
11.051973415257176
11.34892737440965
11.243809428965594
11.527061117518139
11.376233138559929
11.285300958565989
11.370134448928875
11.278974895792105
11.201827010026742
11.248111438951256
11.265623914491899
11.410196871468505
10.973752752025431
11.203238232982152
11.171681322202398
11.192883182950869
11.138029294181882
11.092039338839426
10.910554960613469
11.504264077110738
11.192340357792835
11.152490901173891
11.278463462943545
10.838447742007954
11.27663407178417
10.996049994701789
11.421049953049106
11.149969225688599
11.412159580369096
11.174701043341523
11.156436977818034
10.880057722481578
11.115795503962664
11.166777210597395
11.372034225999622
11.079199617989659
11.264800395515222
11.245118302030276
10.891445943723394
11.112110087567046
10.946860431232434
11.305692288582991
11.012807371771947
11.14967485314641
11.531927312105672
11.217117330003626
11.22252806401294
11.33238700268025
11.20190064336247
11.037108275851699
10.989591207757996
11.32633428743094
10.97339847635189
11.27032494337786
11.221119489070185
11.15815428213507
11.081769876899173
11.161439908173866
10.97264387160347
10.934624794987466
11.002566604728065
11.401006112116182
11.35609056929678
11.246153556862247
11.27701024939609
11.35601818641959
11.131754632795547
11.117636803421867
11.126850840534683
11.348335691915572
11.283154561007109
11.343176398135665
11.304675582011564
10.955334566079502
11.116883965500543
11.510724281862633
11.083059334765695
11.416349760748245
11.289962264538836
11.288527622126491
11.237999490475291
11.161265369262125
10.988506440015216
11.138643762129316
11.113479281829235
11.12290562637332
11.33626596108429
11.210525838489609
11.12776242477629
11.331654879944876
11.151193622497875
11.202437178392676
11.204991608456625
10.9711286604824
11.397376888008688
11.52929548225352
11.093719715357928
11.12814730208535
10.966894069743535
11.01184931374066
11.383295841671277
10.992826256469348
11.08263002140064
10.982685639084409
11.355641332260785
11.318211150214438
11.121514135436186
10.825933555616965
11.168743554234933
10.869172177998783
11.259879828325051
11.006526776538786
11.199083765438596
10.839539767155783
11.060608772764274
11.079330015073232
11.013006889066249
11.098011569877846
11.379745131812564
11.298272398369654
10.977841853884764
11.493324646188661
11.009468511508693
11.104447071369757
11.19180165182192
11.22379993461553
11.194949985447
11.070721666947017
11.215375789295763
11.384576854566415
11.399172830826714
11.282529765181316
10.922992693842636
11.058736613302369
11.189480163507248
11.514883051025361
11.251933405140244
11.129289039391582
11.22909620794195
11.282351835497458
11.049558177622508
11.184271569147677
11.070368914726163
11.439616357006365
11.307492946202224
11.432710740348599
11.248687766786242
10.937311432526885
10.892447861458002
11.241831011716684
10.987313603341253
11.145596786754757
11.126243272639945
11.337375928127363
11.058611005450697
11.081351385009034
11.068380843761389
11.227544694635272
11.205074666717474
11.309868135569834
10.753812620314726
11.23641672183542
11.263640952621024
10.869202282845345
11.079607796945544
11.190212834494897
10.982875828440392
11.030926023732135
10.024822602118949
10.652942017349439
11.199880747714968
10.95986641302809
11.690724878826163
11.155978779352818
11.387061430163653
11.28064732351974
11.122461186097325
11.034698665281553
11.197523764598001
11.329826644063285
11.286712359888739
11.21817694891243
10.876262097920387
11.344785420233345
11.224816528036255
10.983696073373874
11.330750636715493
11.222509264716562
10.73634559810162
10.948825280214605
11.661422188462092
11.125354933717004
11.587161510137035
11.1677777052004
11.487882846574017
11.07453683614852
11.320418933554839
11.269452898582013
11.003042150166666
11.125872228322224
11.035990214068558
10.804421652783127
10.836391680400578
11.1077869564332
11.336049943274979
11.387322128092864
11.221899163070953
11.359344183630075
10.962691927448247
10.990971256038984
11.339915721164559
10.887994452952501
11.112845441551098
11.352780981048875
11.149551230183025
11.222763211021954
10.872110763037409
11.085366329169888
11.144453796915938
11.328996158198043
10.95261521177983
11.323188602680853
11.288592825198922
11.058809255165981
11.306664192899786
11.015544468267924
11.46091951306659
11.401572411161178
11.203159261426785
11.323777097824822
11.218953604618866
11.081664987334946
11.066907627578528
10.939714476480368
11.232781987346446
11.384672410141292
11.001390550597606
11.622160377947328
11.254408729487569
11.449748391000258
11.381444149859322
11.091030720906991
11.074595171923326
11.592976671322223
11.202090398046499
11.135774206956949
10.937552922597122
11.150115187304293
11.466076823394717
11.154763186554653
11.172965993412747
10.894327320884825
11.38473987967419
11.3490047459667
11.005041637288162
11.062703705939853
10.935208902195615
11.147504909273373
11.085637507898578
11.103288578607911
11.02240941488216
11.247472667656533
10.997029433230198
10.927999777028566
11.214040496439516
11.202868925495345
11.330209958037287
10.815634062042504
11.306599857644532
11.018996926644821
10.910028285930727
11.403844140225162
11.416653682585636
11.106748205210641
11.092397852463769
11.227979596761479
11.168698724809056
11.443599410078486
11.52851141807901
11.343502140703057
11.049968864573419
11.362068571032133
11.347324109025275
11.588067909995054
11.659606295309288
11.301569180464202
11.136206972005255
11.407236480234962
11.23934672079683
10.898734587936538
11.422661667831575
10.875456815347912
11.166459622487503
10.823589101822845
11.520689528442368
11.414962887438422
11.17998539408758
11.16939272080283
10.788260556655363
11.261720505432269
11.34115256206997
11.622399302367418
10.947740784781926
11.130992397218051
11.302990895165697
11.167501219205418
11.17051195337992
11.032069830620385
10.827294921519691
10.813571694357243
11.402642640219563
11.61115119744083
11.276784876684461
11.4577753536269
11.27433921009464
11.192362738980004
11.519046836616791
11.26140014461209
11.210617703758611
11.320038218741697
11.587025863367412
11.159745586301693
11.191396223276746
10.833597175377875
11.221521289737138
11.294896152779462
11.345614950568804
11.571810806152417
11.430583504703357
11.382324996477278
11.170273208050116
11.055177552632445
11.26238301469533
11.604732758327282
11.032486355414592
11.052626966171838
10.899673230078605
11.134879130532653
11.208988181063667
10.985156030212474
11.131224030823564
11.038428430215301
11.186465827852368
11.056833571149463
11.187897685674832
11.505787069981663
11.60170440234404
11.212080272794413
11.527720684507877
11.442317904534235
11.36736944474569
11.437499570452943
11.363611292924286
11.118199923076624
11.104923177624999
11.176334462620023
11.012684036763092
11.389753345977114
11.13435800256877
11.354883967433887
11.137291791978168
11.086035455829853
11.253370466329715
11.103029898805897
11.317658647507308
11.417067210255809
11.412893555163931
11.531642368517902
11.268718700857937
11.562383024760386
11.479093635816925
11.516635368953402
11.682611183153801
11.680620332073591
11.473220851966682
11.200747010471149
11.121858010788943
11.130873225726688
11.13384562342037
11.2318502183752
11.35844027207493
11.716019715018568
11.567960601837637
11.683194574185501
11.26401024183632
11.289456634814512
11.216504536380313
11.409804388493688
11.079070744768458
10.963303949918059
11.272826496987644
11.295082160553472
11.214168062386939
11.411938931624574
11.404164382167378
11.43569127270514
11.114770421051837
10.978013292062055
11.138624657843192
11.163991901732418
11.487676589948247
11.319886065867559
10.805721319455452
11.353382310952213
11.06765933048492
11.345933021557649
11.419974473213511
11.160129504258018
11.172877971471987
11.030890055960192
11.305056698734756
11.34899819055318
11.215594183921654
11.223510836472707
11.285663405718068
11.107922332012393
11.198957698219008
11.531846169205147
11.337038231449322
11.281495309913861
11.304316168709496
11.539230267544248
11.076546253635389
11.107076443706932
11.019829707107629
11.203678870109796
11.003003952770035
11.827126165332043
11.073229984773699
11.364864207625338
11.23119285305685
11.065736349312433
11.449968316820478
11.400958737423815
11.173207740665989
11.214824803804575
11.32802089810881
11.203163900127498
11.408537790154401
11.453285388118095
11.113155548568157
11.270287459074531
11.184169670553775
11.008926909794914
11.00488393965096
11.734781976007971
11.448083237265834
11.036845538793843
11.068917677652514
11.415162270291768
10.85538641609768
11.256341873690749
11.19714030027165
11.077780774387634
11.129732921023843
11.162128651574431
11.087059785026154
11.297789079269483
10.950397093429102
10.923757422272478
11.320260315622432
11.042857967458028
11.328344611847875
11.063481697217082
11.442479134656812
11.221772055008685
11.348657800606837
11.228472490879186
11.24051837012761
11.361583678860907
11.286600105634696
10.974890698660865
11.07469876459076
11.35102249716912
10.906189059548588
11.441645344468002
10.726573320218234
11.046641353304807
11.35738705257211
11.292933166913423
11.256154447577428
11.404680085455857
11.092625146854925
11.156127503041798
11.088516342117112
11.157201444463404
11.37966903966994
11.21039700969899
11.260785975395205
11.534880824060739
11.332755568974026
11.179498408472085
11.054076269424314
10.84948847858568
11.238747466448537
11.291382450338943
11.267964192928654
11.123226412085623
11.018940506233537
11.33843507791539
11.154726799971801
11.536334430332989
11.189395094380313
11.179622494660327
11.146920929188294
11.1363314563995
11.07541105375891
11.25134031763378
11.10535703104498
11.18860739700974
10.81750459539459
10.952226708413216
11.283905641547713
11.141902087223277
11.191940306752416
11.200005647549572
11.182696721836068
10.950895069249418
10.833664566958985
11.4051116718409
11.466474285186537
11.155428050372288
11.125354885733811
10.951658765242758
11.158505921083725
11.018609952674971
11.094373492321719
11.396825382111867
10.975249961324009
10.923028390464276
11.015646509134546
11.138063200060515
11.390308356919798
11.211627542965264
11.762696889831405
11.052777753782888
11.219030819551788
10.949146925898757
11.200294358444177
10.743638431122374
11.11176798514719
10.984887568458907
11.059282521121146
11.155621697660054
11.308539252802557
11.395668307295889
10.966784464238078
11.382273441721322
11.237288254116574
11.145287058836308
11.446491457823784
11.156979617157258
11.288344749068319
11.464609659939013
11.190584557550897
11.360036575278569
11.141512604963506
11.272288181843866
10.89640584174746
11.27965261512715
11.260911579680467
11.257833214689184
11.435033730084672
11.09066812950409
10.83052226919617
11.5600658696575
11.124692271401962
11.19033798201766
11.088744181111286
11.191874828593784
11.197803484893447
11.22035249202131
11.23306382095691
11.115975334471464
10.900059226881817
10.88632292876099
11.552051832611124
10.897032267778933
11.23487549263339
11.05099073731261
11.396411633388151
11.332689785185941
11.177310600810166
11.317677021631622
11.282122177840263
11.301497767812137
11.068551252093416
11.172990620879713
11.119629469824796
11.200062071523542
11.387619983987983
11.131701941052098
11.08230051868428
11.025846028773941
11.145811073694263
11.258205970878963
11.320387116949354
10.984055628749084
11.031986135991682
11.160722987554248
10.906767083626361
11.219314732502085
11.156389588078312
11.347736201059153
11.52972096717931
11.044521206647907
11.101908382272345
11.284530523378155
11.154885398622525
11.119475374873286
10.83425561850948
11.481448428052577
11.039584364753885
11.199567167616317
11.206478213697574
11.21823779560307
11.125974803691086
11.259830742425235
11.235327140847179
10.840231512837367
11.48671638097402
11.116095346924919
11.28513334875665
11.079235651421527
10.929264483143541
11.334720416562316
11.113174948868057
11.229284012043703
10.970314126546839
11.36271549296381
11.021703823132833
11.415507350355863
11.092584526638758
11.32967009355894
11.00899591535053
11.507689910187974
11.145209549474913
10.941099457781506
11.361045512740779
11.97971493488601
11.412892994288907
11.142736687628453
11.183343072814242
11.527093711400855
11.389873706848709
11.594101344322967
10.421453352050182
11.155220648421722
11.892754352673082
11.345855343164457
11.052655264612586
11.346305909634996
11.193593022284848
11.267864770827574
11.23151606901417
11.237511087129128
11.203633087993797
11.229113948989848
11.455393480800748
11.23924630169652
11.214760316972669
11.022448399268756
11.076950141907677
11.329297438269048
10.990485407281742
11.060216752567207
11.003985178985104
11.173619981750791
11.040819296359835
10.987779220206372
11.120414456522562
10.96063144805927
11.14792523207214
11.237472842036762
11.185876597439869
11.31233130998706
11.053544430078647
11.098199540960813
11.14748265795282
11.182327452603403
11.12490226823835
11.217588239605064
11.192083929273384
11.32615411663631
10.954246956692508
11.239379963216416
11.149128653430344
11.12883044551101
11.130993976349194
11.282281062661417
11.10661013041986
11.19833831571103
11.239832037094656
11.178944637299963
10.955370391365307
11.59989931194581
11.418745720947653
11.261340209390568
11.137346510558379
11.231821270335084
11.14685432097607
11.16204019057078
11.133155129322102
11.012918302907982
11.275584192576298
11.064079435101272
11.239376321081734
11.168798671952484
11.248367307449431
11.438789911758608
11.217354944571033
11.010809164098877
11.865169040686864
11.247057318055454
11.396416566227968
11.10333782055872
11.4499306343653
10.707294194045069
11.183641371601452
11.10878969325356
11.045025000517853
11.060460126659747
11.185459014929258
11.330135227214429
10.814440096162665
11.119020775940864
11.340863493225415
10.97787637518929
11.177066743607641
11.28960278625032
10.763922512335533
11.227685710419138
11.159523156471376
11.087711095113285
10.994197439526186
11.321794070265312
10.93468364450994
11.161500739059369
10.956817882291409
11.13828547635386
11.12250012694828
10.979724872363802
11.11649168097085
11.216669197439261
11.082339112241288
11.232970587791927
11.255759426102953
11.216906728933669
11.073342609716374
11.311135031250402
11.27109747865407
11.03036218536703
11.137996731999815
11.167157307358327
11.484744545079137
11.056598118187424
11.289206457047898
11.35910447166645
10.86387824228172
11.244432624163354
11.339153541801679
11.205153635965752
10.983422094436126
11.032872134655477
10.970025653389294
11.114187606078868
11.124972001016687
11.33171526977704
11.624729151109083
11.234692652917703
11.27304911023549
11.248210670793897
11.423370075787554
10.874261640032381
11.130593534441033
10.97391204031514
11.064460261468428
11.122269265669962
11.028894409664455
11.394626629136232
10.631188074570092
11.101536426957516
11.346218233864256
11.147118689463966
10.95028586722734
11.098264321070907
11.112278544198906
11.265150521607529
11.138331558352156
11.432219956098026
11.053051897578795
10.93859098438078
11.533122247185196
11.204976481639935
11.401360855653126
11.09682206163608
11.165037595990205
11.08660712085439
11.024237399557732
11.30937012251798
11.023506068633642
11.139862697491088
11.454336110871886
11.26616433610298
11.309626737824747
11.377024752318572
11.329396742684846
11.188826544193253
11.397169757935622
11.291385001862634
11.609863562049192
11.162579625243051
11.348741869052514
11.225851298755003
11.055145151540282
11.125179882623213
11.00060787171072
>run400_1
11.317409407377495
11.203665868274252
11.053897688454251
11.105461025186784
11.200102792502715
11.25702279392291
11.004964371105121
10.967417872746292
11.253734159322756
11.10134098300747
11.223527073677571
11.10717139644963
10.973132241377794
11.325816543030285
11.62146373639784
11.122744051636362
11.137840212787289
11.017109615688508
11.136838303137129
10.915232216180891
10.90674767717355
11.180812124566476
11.528146035581385
10.963534650338753
11.19420287701099
11.268020294115875
10.977898841982963
10.985211724967302
10.8716718723639
10.992788155811574
11.160679437155114
11.284735037669371
10.764341909095258
11.053495916097798
11.425926884463875
11.126397491932853
11.30820046201501
11.029173047833488
11.037529999554577
11.367925982819504
11.421500680889137
11.548422666023274
10.919576118505397
10.864436154842931
11.235157606681234
10.831321828478758
11.1652384457648
11.031633368943016
10.885974432647654
10.892908395437416
11.280045162729785
11.757838686770222
11.621498562211631
11.021045811624015
10.929837352082513
11.164957739491435
11.173660247274297
10.959771073859887
11.622035586493446
11.669506200186758
11.02381468101189
11.173971597557552
11.397441143020002
11.169964785441751
10.932793886175068
11.460540646931427
11.029390531089192
11.158404872072227
11.140296727785099
11.199505895176806
11.072208874737942
10.850456618882038
11.318647595513465
11.184478740484316
11.038098809835612
11.292304975869703
11.133816264745516
11.083807428398238
11.369355254896773
10.995071923346641
11.09637989160095
11.407951445204779
10.664864377541194
11.344955029985735
11.108157211074163
11.25671632147045
11.066688900324143
11.281971656926814
11.222851589761198
11.402005251336533
11.07214423318573
11.01531799865049
10.944417078345582
11.088052773507528
11.179227165421377
11.061709193307731
11.014654592399221
11.301726298029324
11.036974338942585
11.415542957323568
11.066914166870975
10.947593526044969
11.346231383443289
11.038093985543268
11.554751449897658
11.179309943926919
11.414799919452278
11.383273057421443
11.102159702296856
11.084582293817034
10.879561573425839
11.440937063334214
11.05344093602279
10.89451763694218
11.310004007296731
10.995869170777079
11.022669194772625
10.749710320261991
11.312136408242221
11.53998204636479
11.090557492757629
11.19997912746449
11.086277533728342
11.002295278048587
11.111325557244244
11.268096468110311
11.122982878644102
11.147368782555487
11.00684223951743
11.285203696969502
11.043695675769792
10.935747900137581
11.167610284130195
11.12395390812633
11.074614185369757
11.19823797455274
11.101093457828329
11.245321903176478
10.72335719386781
11.014791916915428
11.185517670709977
11.482117079784445
11.287145460010716
11.194842503660967
11.305628490830294
11.347411341121484
11.407908467834993
11.21691368331856
11.006022905183126
11.152445978550343
11.202526675120618
11.315716382058396
10.957092545890529
12.024983078645503
11.034898191872086
11.306494627543044
11.345965701381022
11.086737559784327
11.039418761990119
11.161618675927404
11.081933774523073
11.162037083589368
11.485139738085502
11.17185860770121
11.04492662830379
11.167773402106144
10.942022556671475
11.111680309734432
11.073316182670677
10.910745472807257
10.951245192513891
11.452324249367924
11.283973352273788
11.042226825900467
11.115594045738728
11.2025585848436
11.26026411202348
11.16043232866345
11.156060297219868
11.004559426449443
11.072536002970015
10.733636353844197
10.995189559601682
11.329866479237598
11.514963070469651
11.152965948230039
11.271296861920733
10.91543158080949
11.117191511190018
11.083392572669323
11.11599547355038
11.130924453628113
11.120420335190575
11.174490355988398
11.271224480760813
11.536592128804523
11.302789742902155
11.253530058373942
11.147979452746373
11.582677535556602
10.967751828188199
11.077252134818046
10.815041625870771
11.171941748837876
11.15751459313768
11.194657250824273
11.234810410557278
11.111923207046042
11.279647305176619
10.887918085804111
11.000966421820909
11.30088204271842
11.452269025610276
11.22032561250555
11.015152070482257
11.264978310246793
11.340803767779043
11.289203937394474
10.896004520581206
11.272148733956904
11.453722102002967
11.183570484693586
11.096706509966756
11.204431365721483
11.098678777642442
10.85935113773249
11.423030227128754
11.225412793254335
11.40174048017242
10.893244148640992
11.352132237923405
11.201232338570966
11.141568478862743
11.174963855910917
10.838596610785068
11.384495383225328
11.375466889841448
11.884812603530658
11.26948624783974
11.406947026196656
11.175197853484388
11.1633833510085
11.004223261068159
11.383872007055315
11.000104864450444
10.889892952803567
10.951108899105433
11.262883652403202
11.292980016276452
10.918152731646442
10.922652254585136
11.073266863938521
11.621612891387842
11.049047718132131
10.971767690957037
11.024412110947623
11.200190174545703
11.183178720181747
11.170440535031128
11.162429011993547
11.29827214113585
11.02809805241655
11.206925149152612
11.19631587396686
10.7018235482127
11.308901206815872
10.874908795193162
10.791353095894124
10.79117514355607
11.33732110426348
11.225189126293126
10.845071521863595
11.278345155254696
11.187958438364234
11.30864998215931
10.82981386712468
11.536193177281195
10.968043909128989
11.06961074616774
11.224069403034795
11.290060885332208
11.153712191300341
11.079053688968047
10.930169625458232
11.265485850831475
11.072537365779532
11.059141548617093
11.334427012459264
10.828588996349632
11.070071419189405
10.993864447150333
11.037197939296856
11.003504560832583
11.421205425380498
11.193831163704493
11.564628247087718
10.995360620359712
11.408001515080839
11.221168272515422
10.904017531262289
10.919750620915867
11.195387548966515
10.95796900782825
10.999603875446986
11.123057837359461
11.572635001022954
11.246203865134708
10.724889720840249
10.796534938366541
11.10010057101791
11.346895486769489
11.263620243742116
11.04882873327109
10.816249545061993
11.340980650964706
10.950071461333884
11.03945149795693
10.996597924092061
10.832247551451545
11.194064323794509
11.05871248210636
11.091660729636152
10.954466364281952
11.039287256700714
11.209633670128389
11.117696412624039
10.860829636755582
11.035580786558569
10.99005064770402
10.817499723219859
10.92363098990925
11.012400574809243
11.141756370727874
11.114242270419258
10.952889815974423
10.94603299142493
11.074222353933127
10.832422664962076
10.972145911199553
11.203008628468018
11.035490960987007
10.794883627411656
10.692959040659161
11.194023555625167
11.09734671823048
10.957214611225437
11.094229433233595
11.080765283828827
11.072234956675171
11.399865724186068
11.134418299701307
11.119527146253539
11.045698058283357
11.261102006843448
11.294869446778405
10.929778175043714
11.428059985395384
11.322290755949908
11.049079128595443
11.011207830006574
11.16793710682702
11.440999362607727
11.252031174216558
11.232307411211432
11.209137034138218
10.938823612974097
11.191306257754086
11.054498369924882
11.037929005748442
11.471520321880403
10.893103726532232
11.154099772868696
11.043726792580093
11.193692402121222
11.146359490205146
11.002547110596169
11.118922957352147
11.103158862101996
11.18771482881635
11.049236575606232
10.965202016339635
10.96927759729969
11.133051564168095
10.908090476913877
10.986172462180312
11.167147197503166
11.357944680021278
11.120733113780284
11.07437454109752
11.053399737107078
11.059390934052372
10.88665179334857
11.653936510606263
11.042241185337366
11.161685283081999
11.259662328255073
10.940820090024511
11.144328736555822
11.216159105426017
11.196261798184466
11.156339783576358
11.25336880833692
11.028301194753904
10.991125160032892
11.176362818359785
10.842923365063166
11.072568965821937
11.364116098896629
11.094551172248384
11.254497514025775
11.392407339531351
10.912074098456939
11.256414208073686
11.239275011163043
11.150288417885015
11.163709125696373
11.232325777229644
10.845730654791076
11.343303352249668
11.126967948875565
11.190681466339797
11.035830593607393
11.349942431674224
11.05504555139039
11.151283928487342
10.977876407543363
11.35458277040952
11.202743573628302
11.388749618730019
11.211501464627522
10.984456987122
11.21064528153749
11.03699333431042
11.35793786362985
10.735428215489994
10.984024325766281
11.233753611581488
11.314780961525871
11.022735529601421
11.029179107973427
11.037619030248017
11.228758823010446
11.088405668626919
11.094299148302799
10.931832821397494
10.955025254461122
10.847387639788039
11.1988676512477
10.95804067003599
10.849163034668052
11.00309059557763
10.96795624424612
10.798209438787215
11.102830106347172
11.08116852570671
11.044042603652784
10.555819170492224
11.177178274798656
10.924641699456778
11.100495861971044
11.134064667780088
11.252342304955379
11.408458373318462
11.338796831317062
11.317592645997502
11.078028881635534
11.320792573552428
11.253056164966031
11.282999298498384
11.115550584037068
11.415835299891228
11.178845818574935
11.147086479928145
11.551249563060184
11.089212552434676
11.053623467576704
11.324895578721495
11.138500987397364
11.042432799656451
11.390219518221139
11.260926506332277
10.88365567452707
10.970304450577324
11.354257746793609
11.230495521873792
11.380812770900304
11.309092964369475
11.148232809759032
11.128154416510442
11.017622686396974
11.502790634297519
11.144314911540173
11.10139417368281
11.342443411425073
11.326414993230108
11.241394774644377
11.191561136611638
11.27751874735642
11.278079617986863
11.245041098331487
11.617127528668785
11.182289588189363
11.161966929441473
11.202000800041251
11.492552902677104
11.235723662933813
11.120700009957634
11.186378931584827
11.23741047310204
11.184392632964085
11.01103900202443
11.401202368664174
11.442228700644565
11.242106600154266
11.18001914773856
11.330022452422678
11.66508564243857
11.228519393953567
11.11128562786267
11.131098515630026
11.075980850761567
11.220771332835843
11.35471338816996
11.389211849125717
11.1711837765635
11.222247541552955
11.256052222618441
11.304515100187976
10.964641312670206
11.264458948045823
11.556283594422144
11.28887744655038
11.375928468157792
10.934932289375546
11.159148303516716
11.17117539095189
11.071777086140411
11.43796338537821
11.442294876311468
11.295451938778859
11.560157438713908
11.142735107883478
11.563841269538324
11.405735038895962
10.919625713330554
11.038738656275225
11.259958902822062
11.153030634653037
11.3234619509574
11.53720496858476
11.461088605752096
11.170001207099412
11.224009350543675
11.373524919873097
11.175607943862373
11.425724766800283
11.096361989570761
11.127346175629999
10.993162517375467
11.095692949862629
11.223910513698405
10.96809724236959
10.978297571220224
11.155094048099922
11.251811689220116
11.046782683134543
11.169096551793423
11.07163355738398
11.022255197431189
11.428738437448402
11.128013780631008
11.152969194075242
11.5769106130329
11.052841830693872
11.165683208286314
11.007070087492442
11.098545881438787
11.103774489403214
10.813790640973915
10.7755481853109
10.708167769992558
11.353426679933904
11.17747680514421
11.14728848724315
10.902997917384967
11.183865313098927
11.208396452283248
11.101203725926224
10.94692937455631
10.900076658315147
11.19277064895986
11.230295863127774
11.307330149085004
11.031516554565458
11.346211288518704
11.422185136926618
11.147329534167863
11.14925530883046
11.156368855520583
11.400663980719017
11.18828639227136
11.27452505338427
11.112201718156776
11.255131086982894
11.30503251553648
11.298015649330786
11.12441003781664
11.0705525204137
10.845986546008472
11.119015660209964
11.069656342699377
11.072936841810264
11.525503299882509
11.547189720877983
11.158315925438263
11.058508094385102
11.345868402388083
11.096113998688036
11.185767651135002
10.99912329140112
10.874343371503919
11.200773299494516
10.97333317816626
11.149414144896536
11.043734683828461
11.054633475550583
11.149382409866742
11.291293892517501
11.054613860505238
11.243118265512198
10.87409392330605
11.452676604336714
11.092271982148658
11.417614552635568
10.942060738912133
11.136922403429889
11.139709786373885
10.880155259574487
11.185364933448085
10.996352068243167
11.236634991318052
11.150083085319405
11.310361751454511
11.152470471005794
11.15683668850625
10.87573460381277
10.824139342758333
11.242144690726839
11.216275816388539
11.085163924842501
11.1207211384322
11.841372471405354
10.996048709850228
10.994384660517143
10.955189743362011
10.768947103614256
11.131818371890526
10.982798105699308
10.773197640615752
10.878809667764061
11.243324144604431
11.169796474341062
11.332813882419527
11.180574728375468
11.211035406280061
11.221254894703605
11.04768138918511
11.19020967492215
11.147575841423073
11.265967223368918
11.112257658123735
11.299594443554533
11.172372799405782
11.159675095294475
11.362760314982674
11.097537684787811
11.092088543559594
11.16694970898916
10.950508837495445
11.244157336446847
10.980354352860738
11.120236714448584
10.88675741109024
11.207039376468588
10.912181629859223
11.231074387433626
10.794643275236188
11.122615938943015
10.823871122864523
11.006480946767391
11.429049495143191
11.373643223147383
11.287810599344985
11.395229181991093
11.21274067004844
11.225230838524638
11.53952154781771
11.167408449695197
11.40909395625084
12.022161799919422
11.189743256043185
11.083777296838075
10.971813365529341
11.114083676338383
10.803621531580493
11.051111492303251
11.164459754505323
11.445747335931912
11.108005057668391
11.147914883401674
11.16290705506207
11.053325946901653
11.10606841572692
11.277572619193682
11.13330989250935
11.127507190857681
11.226855369502921
11.264657532154175
11.178847836771304
11.201932236927703
11.353280378652276
11.006000765397555
10.813128629131418
10.952323289386173
11.118749179078879
11.375879404223285
11.531342475394153
11.121627163118912
10.993701303228512
11.147357974981286
11.450242722139032
10.866677396302213
11.084876128993033
10.871616038275015
11.293894098264586
11.012715177602923
10.928255966644558
11.346236554090348
10.925527790472021
10.966791486684537
10.813961164129081
11.120342098261784
11.172947866241596
10.971800582562318
10.928962866724454
10.928788403782782
11.17036142759683
10.853677362204325
11.190390037871353
11.506302130241476
11.188524203587077
11.219242059618939
11.142888364855503
11.506258220960826
11.130079098099813
11.21668674669541
11.35678394244822
11.20700586422657
11.272939815754446
11.222044415049698
10.921846234097538
11.057570360953866
11.332156667808603
10.866737209041252
11.143751793633038
10.950296380405195
11.11306115834623
11.04826038829304
10.891815682353332
10.978613723625362
11.257602145315849
11.359079021898951
11.224055286273545
11.033183659912087
10.894074579668267
10.819712639048369
11.100067177341593
11.102740391844831
11.182069106840945
10.805758404837926
11.11830765390508
11.104601434363735
11.03874590031682
10.99087893185354
11.250171666465626
11.050277255549377
11.411195627669194
11.04217853425803
11.072003400199097
11.147337327870336
11.012094163945129
11.227058812042314
11.028501158252254
11.233523267010934
11.43084485188087
11.149398075124195
11.015604641549702
11.112599325157019
11.112177833180022
10.994062548664433
11.10604379223046
11.228535657796662
11.087590134105646
11.346080091239104
11.15255874893321
11.286189442117346
11.304352442866215
11.393061731431125
11.365286175342312
11.241136605222312
10.915326768011404
11.416704052845743
11.074102280612966
11.248592435765733
11.026969612810715
11.37924215413367
11.411342672637089
11.54782505500452
11.142015885339022
11.356709867565575
11.0416956334762
11.201684572133345
10.977862163070785
11.072692332552718
11.166072060780472
11.006028886608995
11.116096936233095
11.312658335525567
10.923893231460546
11.35689990228642
11.248907525428816
11.384720288837517
10.902846978277022
10.62479102351097
11.140325614930548
11.101561722703362
11.240621298161367
11.07168307994902
10.939115195264009
10.791546253249468
11.322624434399494
11.300356471032213
10.745027971187817
11.295915921685674
11.06549446581619
11.145624786528066
10.986563282766273
11.381725465659581
11.067444973255396
11.503400885876268
11.351519032469021
11.20746978317731
10.973362752460694
11.258305049851558
11.120015360828758
11.320991409264446
11.154850755088077
11.373425525534607
11.356897876667578
11.218967462127118
11.22593268656001
11.303681521994848
11.629454437768107
11.103218994660175
11.049233079636538
11.166824886042138
11.611192484312982
11.261968923299342
11.652542106515943
11.445376033452199
11.27256718101655
11.281937197954324
11.016741035458748
11.029717096825076
11.401198995489434
11.356178652426806
11.253624137323577
11.331952692814736
11.215359230263697
11.146350355174665
11.016286112434202
11.107549057474015
10.91814852274003
11.254131019155302
11.065034539083436
11.29936459957156
11.315947938808666
11.097337608495502
10.942098752372205
10.964148990548429
11.006292295281797
10.960623688491905
11.025482407938577
11.060043828658799
11.29347679515297
11.100665383328309
10.971619407216405
10.8116626327327
10.970395515581554
11.124206804080517
10.868433192252152
10.922052101060812
11.299244269680715
11.23252156966385
11.600202080511615
11.0844385198705
10.937906400736173
11.074961613487785
11.41522988089102
10.878690001028986
11.219453228297915
11.079900616864187
10.79151257259886
11.190319507092296
10.892609131062379
10.995726243416133
11.342968830519675
11.167839503975372
11.075875775093442
11.213382414977234
11.075338294417184
11.071006106393863
11.200790246517961
10.753079689398024
11.09811484426213
11.600771241680208
11.533614441367572
11.13191155614436
11.06409517546285
11.162947040029698
10.972110967552789
11.158208266189474
11.1950863223548
11.319271782223026
11.327899489697673
11.20334931880136
10.86605651762836
11.177656372509578
10.954008209023348
11.03884990847862
11.411518770655691
11.274401385967378
10.85200767572909
11.026432894190217
10.83731091541198
11.237193684102788
11.133596606167504
11.362485604380563
11.14613654588712
10.771408665821829
11.442627704258086
11.309546385281433
11.335650405216349
11.367076438187
11.041344468091435
11.011497233218018
10.944467819482885
11.292847750681027
11.304446487237433
11.140612317564509
11.0069845636451
11.07193537207745
10.553766304071916
10.915908222641791
11.162038631642066
10.835531979517253
11.404253913913863
11.253849741356305
11.221693186714766
11.559194961177155
11.573835243870585
11.119449767347417
11.387255814731056
11.09293103845922
11.399101983318811
11.189409257739749
11.278641619209136
10.990616253434052
11.110852150884602
11.253825934402833
11.067163859321974
11.342013375724324
11.074951326166868
11.042540321500127
11.190623712423777
11.232310167669672
10.780349704435647
10.895570475117209
10.748474953960356
11.456412905827625
11.214610676459118
11.129623207480062
11.34847550397615
11.261305457606847
11.216928311546097
11.124538412587917
11.13220417512609
11.150713051639553
10.845694026081018
11.40522800671703
>run500_1
11.230240794889836
11.43836571462458
11.01284095556117
11.701760056562444
11.311904818843114
11.35285621797818
11.36535272812341
11.08911463754894
11.084056595082275
10.663931828863518
10.787625034515909
11.082170310282626
10.92525285680655
11.050755401346155
11.174130672179016
11.217711720981605
11.159102262508181
11.37688253573959
11.286452687772266
11.491155773468977
11.38078467560136
11.126630813821926
11.305039143146294
11.057274039942856
11.140113460264107
11.156552156984235
11.596798087454609
11.07950116583879
11.22553591034262
10.91548711534939
10.76236612713816
11.228314728089
11.304884853198697
11.385965690041049
11.232348195779629
11.077121575944373
11.086583458376763
10.859558594407362
11.003776679477845
11.199326731920843
11.125390080012796
11.05200560782384
10.945516893079178
11.133305868377807
11.133380761635923
10.820497419345028
11.139245904129092
11.350616178895297
10.90666917207838
11.067855668726137
11.211862828418841
11.224873487886628
11.231603847141308
11.452625929123565
11.063422328691326
11.447436389481915
11.557586315652456
11.45054427999969
11.498713730933593
11.345807601550836
11.027209420248143
11.070579808588924
10.911945549104823
11.25324280492899
11.241139920542524
11.055676648334291
11.465540177245165
11.150461689595648
11.083165589388546
11.189329926655473
11.536293441751154
10.835599216197508
11.040906415930907
11.439827864990626
11.167585545885446
11.459029051036838
11.203815469922196
11.387134320788686
11.19602472146974
11.296554059769889
11.324352144322628
11.427098932278199
11.360505926844958
11.174497834222146
10.898933592495267
11.003479374090162
11.21854868471031
11.257929464004752
11.159298494180433
11.369964146433109
10.96754431997848
11.292939149717748
11.402630288761456
10.978705661047748
11.170740378929253
11.04686685391255
11.21877289619711
11.203571604462775
11.212316205241462
11.396219414684115
11.47062242253283
10.871359649979961
11.192986137548784
11.085710731625468
11.181193208714319
10.945974583984357
11.178257772089214
11.158660381882733
11.137339536226701
11.354949050097085
11.17280634195992
11.253419765409246
11.290700096899748
11.076326088225802
11.272437831117118
11.07144697211788
11.50138852789113
11.49196347612395
10.928858051081779
11.174104196122729
11.16285151770089
11.080026843650723
11.187198067677574
11.089162753554945
11.178070805704376
11.189924831512906
11.238738849333089
11.413063142839821
11.209821241141313
11.170434243600967
11.108343427184304
11.121428845091158
11.270667377165566
11.103811478686247
11.326696849037141
11.44720229486421
11.329300186335766
11.345356465145123
11.069878263941408
11.739556213245118
11.126990225204574
11.301797983431618
10.829755579945921
11.362783103392296
11.14285668730958
11.052551146962111
11.230288077216013
11.366335320054237
11.259916474105257
11.515187071711614
11.865893733146184
11.233053796570204
11.37985347641902
11.757989289196637
11.307823326297882
10.988569328644777
11.33214556861673
12.072071404385124
11.613473835705781
11.51652562203221
11.72690854659737
11.039462246943168
11.179184576979958
11.413625631617464
11.361103886432351
11.857788935717583
11.13799972634074
10.963271913793783
11.730743106479984
11.13801815327097
11.352221583916876
11.246960513481355
10.812378517410286
11.350982160532745
11.145475775839726
11.348148988418112
11.376825286086813
10.850751619649262
11.396407934368833
11.3555046400173
11.362119523080828
11.529329267231436
11.425276686466324
11.090801466690555
11.31586112187076
11.372267355134275
11.280101589112101
11.56533947205969
11.14120193697355
11.134133406498888
11.248395657410702
11.39536635978503
11.217403055226034
11.242716997125244
11.611664794801111
11.44544941639161
11.673952543568882
11.412153681035711
10.978763169382878
11.333873862075231
11.035845956870142
11.212274877000421
11.144271734822047
11.408124747024765
11.248406853796405
11.440340354511035
10.972333594495646
11.267449003514473
11.290124088135318
11.56629756280718
11.224083650341194
11.340060746590558
11.097861097113244
11.135910978524947
11.010895240172644
11.31472626225585
11.479058418022444
11.431628496380469
11.4748189885552
11.435421197627415
11.09930403588975
11.181745555194583
11.036299967053138
11.29953212712681
10.962866973273254
11.08197778204788
11.239237113099858
11.771672995143943
10.839921415573576
11.247234289539088
10.874617692327648
11.51367870315813
11.57403403442468
11.450285852883617
11.525032389695534
11.044135556030781
11.297422320508094
11.460512420486532
11.266845969262166
11.101741583065293
11.953556680270141
11.560767334139944
11.054308208001306
11.499831715736843
10.891393735662882
11.282601156001792
11.329723333888282
11.230018188823149
11.137653043190191
11.504196375506991
10.919593000439273
11.33066000747206
11.031923794399075
11.051323630628461
11.434105192571012
11.184272111605393
11.204917925781068
11.095922677847556
11.117896159538255
11.439433588303068
11.236123422714805
11.103682316419732
12.08772086761772
11.42047596854816
11.50778060754971
11.308323752065137
11.351914343407135
11.176232451856048
11.593868772473405
11.023956376014715
11.274411276963104
11.244324333295829
11.48905314779402
11.398094666171106
11.039809542629412
11.26551460547963
11.631453196989467
11.132050555615818
11.303909645125449
11.201858684752317
10.90003148976888
11.727729051696706
11.062000225049058
11.12518208059016
11.436758829996752
11.303221638482938
11.118700991517581
11.206529774474173
11.505975555449673
11.131022583273605
11.591723741026838
11.103263205776265
11.311458216618293
11.07858202496368
11.395197021010667
11.190063626705903
11.245061992766196
11.2362034121424
11.184148771570541
11.67488153169093
11.38584880826741
11.504242738000627
11.108910661351478
11.4064056006366
11.361557533479724
11.374128272134048
11.212226744083509
11.247605704015225
11.17799750057471
11.350577035738294
10.985670462235257
11.43701076525099
11.167702604041567
11.181675915869063
11.614317551607126
11.458805561422762
11.201533908688248
11.347788584545219
11.311223899618122
11.054001740567992
11.085249962339839
11.093640130025333
11.780834631573546
11.224556246927055
11.332375220384202
11.479163487745742
10.904246965920406
11.043357360211647
10.927593116726182
11.121167942601367
11.378921694993121
11.429818111855765
11.253861383096451
11.130923330792351
11.516682389656925
11.067010793361248
11.49916054927146
11.230908437355152
11.201495813219
11.31281493427517
10.940219803869741
11.57818324417401
11.695935523578395
11.143305684452136
11.030464623394547
11.300357781641853
11.396997747465656
11.330020842650848
10.87860476217066
11.272465790009363
11.533881435904467
11.256626887806101
11.655078810612965
11.140581720879108
11.44619763719753
11.330122431652422
11.415183168941201
11.280317799611154
11.432025278885845
11.133924046316597
11.12753021830638
11.175394199083717
11.252828773267039
11.510703774410542
11.332568747769368
11.115123258189119
11.348820689184594
11.050252965456822
11.336307389131965
11.10628130051499
11.342585779826845
11.287454285686907
11.116719111460153
11.432227431243872
11.143355355739155
11.64075094113227
11.105989444323047
11.196963427205514
11.482642557698924
10.988668212959043
11.353911915751876
11.329956114390335
10.935009491149431
11.556960190244244
11.222212067254373
11.175194452273624
11.295764052175798
11.135797867910238
11.186255199818632
11.552251811129963
10.975576117475542
11.209176187171044
10.884962081719687
11.141555694882806
11.220719778353894
10.962959767764724
11.15720847792516
11.965081207855745
11.283144995759125
11.207871890382867
11.35032924879387
11.198556420838756
11.579965708655665
11.11437100275217
11.306072607546367
11.188206806630024
11.08864717389688
11.38631532343359
11.397489605548769
11.180632459080186
11.254874292563668
11.795393192952401
10.98206456190078
10.951627661770358
11.899359089215448
11.35554417591882
10.955414579338349
11.165020838612026
11.575475448769101
11.235875504960227
11.159701364592964
10.994131335762276
11.030179034358966
11.102068631181304
11.048539546982804
11.16635853798845
10.838939417445383
11.425290541208843
11.484817696566903
11.145973537567649
10.99210103463782
11.082154592103457
11.119449331340034
11.863717039124163
11.109003929877511
11.25189575179477
11.127361366593542
11.26590417616183
11.733208983764616
11.391526198780413
11.332766947570585
11.0630877284051
11.551310637035021
11.060598574230628
11.327031197414104
11.143249049570613
11.121425050445277
11.312080471985068
10.950786654805604
11.791293026246425
11.387181818619425
11.32596079132917
11.119475720624788
11.524125068983604
10.960334661726694
11.203740630025411
11.181005488643288
11.094642565686256
11.028948869095382
11.695498942336002
11.488701378808535
11.010158636957058
11.33094740544468
11.134159862492908
11.196328171899964
11.297464084189215
11.787282520494982
11.332806958656734
11.138093950274694
11.054952482740159
10.97370004845685
11.396238013816898
11.782174893479926
11.298920586281243
11.726601440527977
11.536930618599119
11.081708129618203
11.05994797298377
11.186629028970048
11.933712316690574
11.574042712215608
11.036018111248609
11.044674808819565
11.14316098520541
10.799198766568631
11.500403446241977
11.427957951168716
11.46499479324104
10.934326512424482
10.821529310977999
11.227706013257599
11.164975232236568
11.392921433463677
11.341472690356602
11.380015543839473
11.2618116332116
11.492929539156282
11.191138238988728
11.310303149428146
11.197779595469768
11.016367655159947
11.251451670741242
11.079701994887056
11.237071501761637
11.350746411161833
11.16845641048019
11.152070056028945
11.355916408351458
11.047386765347373
11.48302668998441
11.244746533746776
10.913326037806785
11.233172494595593
11.446592892244146
11.549774815477505
11.438039738863708
11.173519793290911
11.335850810417739
11.115462195916294
11.662828851629158
11.262471385207496
11.167411158231646
11.366395816498393
11.356294246073286
11.294111150872585
11.25677577514843
11.542021803183749
11.03398828556251
11.326653941870857
11.041452954514643
11.582885348577374
11.458451241006934
11.348505423737336
11.569913441029863
11.456904431861071
11.246795497664362
11.530839340545175
11.282096087291993
11.400780861803513
12.138730609893269
11.018658770027075
11.392965261475261
10.948586515457148
11.990032192839754
11.138515443261591
11.279415718032311
11.307198639239763
11.084064158281711
11.31741717215117
11.272546554130942
11.197996114555409
11.218259282862066
11.240190533717584
11.036399925458992
11.509737907865649
10.9011188666239
11.151327343923988
11.256583468334377
11.089928499580518
10.98328962328947
11.455710267497679
11.187272912510492
11.02019708934409
11.815204948404928
11.313423353313267
11.154922736913452
10.968299796536616
11.227981964657817
11.464030609997417
11.229925794372772
10.821109214606826
11.337599259274521
10.940377758190868
11.137389545575612
10.995755033917796
11.019393295454064
11.167608922290052
11.520554373616587
10.963970919867855
11.030141932631482
10.917761595913928
11.215715847679288
11.092613017175774
10.906029296667144
11.292441847139049
11.217086988348179
11.198760040370695
11.167205496200747
11.024858912404117
11.51219374971668
11.178316457637523
10.978294066019291
11.316500808090392
11.473342078997085
11.195711064615422
10.917854471779895
11.367162745590505
11.192340262870955
11.182231860677017
11.087323355753174
11.3065397565065
11.40495274775167
11.318775330882547
11.152368235962799
11.025499388988035
11.371068492703463
11.011980446439448
11.218735093949277
11.226033121440292
11.564478916021983
11.287682009128645
11.329103956137896
11.376801481291256
11.230279810149637
11.27313539514728
11.545128027447545
11.360533801941614
11.037068779636728
11.390498351297698
11.563716536193274
11.122286811554538
11.77719850551836
11.03599027313606
11.36854353551994
11.133516208204718
10.992968177020995
11.351204237418406
11.369473880073542
11.287400264316876
11.71306496095798
11.13709060449077
11.661845344833226
11.26057211826487
10.847549797540836
11.39712627842453
11.407849277048816
10.818266728965684
10.54215397004498
11.568115096758115
11.126920031427721
11.054906212865822
11.633391031562766
11.146600596370394
11.327248337834112
11.207358484275618
11.336765083326709
11.228631282200986
11.337042562411561
11.422171576852294
11.37626659052525
11.246898020375587
11.219761594899206
11.353643028511081
11.070571500894493
11.735829382061791
11.076770723707464
11.087583692951505
11.650749972957353
11.594519551267348
11.271529115991317
11.611767401454152
11.487851342486891
11.41982907718939
11.097578934430471
11.339186128203403
11.62580253881218
11.166402108885041
11.335868256562366
11.37108664349356
11.209975578193752
11.267166175658147
11.460778117419467
11.307628843134694
11.280876569915124
11.323712347223204
11.55062509887286
11.280231324350867
11.070823244641879
11.33562812483107
10.917385117291055
11.465221620795306
11.129702794883348
11.074074310398132
11.662487202076983
10.88146311023182
11.824458031798013
11.315798382971156
11.128219221709694
11.180987145812688
11.208265130539212
11.639755339424891
11.194094571168584
11.189044084650448
11.449577503728042
11.313827398647216
11.32310860738971
11.536566489029692
11.965469226841865
11.279591139900402
10.922539241143019
11.02627580974694
11.299870510524498
10.940392012756817
11.005744499278185
11.192772145293489
11.462753627637817
11.070590541026474
11.374736567757907
11.114402128144631
11.167236088216173
11.073730741414241
11.61510324145889
11.322640193024197
11.46270980784586
11.174533513852749
11.07992309552824
11.31707238786157
11.23350079800634
10.904511459473364
10.671179961558629
11.219499365807843
11.335776114819359
11.391191396582816
11.593777315471492
10.866004508343586
11.484084496613862
11.1130963464303
11.333052604138997
11.23183050196968
10.775365128584225
11.4634438965183
11.316545658744003
11.444816522146747
11.001114730616184
11.107861586688415
11.150741074933306
11.255392522416761
11.361748492575398
11.089891732363585
11.071163910811592
11.142044408237133
11.079359889094622
11.503142530067041
11.236138538189413
11.357643179974374
11.238816143128926
11.55634263960703
11.303645689266704
11.01657036395092
11.14983965357364
11.143480509895394
11.146310755331372
11.079244871527322
11.307098850271352
11.24346122327295
11.453797287734702
11.312218853340125
11.45197911174584
11.040285478966801
11.47655237411742
10.821966038659916
11.14156666801543
11.10785146388415
11.078825685607
11.330637767644069
10.94356752706412
11.204090543363291
11.139214636136197
11.003264788884664
10.993009569791814
11.099126677914974
11.116966887924622
11.230891685530766
11.134028499187087
11.404977256079842
11.276547508840677
11.611509221369271
11.182312509569543
10.949953777558536
11.242766522538084
11.013499053598336
11.277385915178947
11.147888167723481
11.296455882079913
11.2871647545052
10.9632031806255
11.22840452226397
11.07543082847686
11.131046442560065
11.095653257641976
11.088535742676875
11.415614203571675
10.846116405983707
11.262968544819527
11.576966645654817
11.491171655902594
11.209436227829446
11.15441723571774
11.030442153458969
11.311025892375547
11.33105305820571
11.395799804402557
11.149544532126853
10.9798837452623
11.2823188782485
11.314435430995765
11.371992893876438
11.314075168437277
11.486806440782924
11.248452187791786
11.167627461751424
11.21262132853161
11.313065580427486
11.201627561315807
11.193615745056858
11.11667126487287
11.169221993279443
11.322423428323031
11.285904989955755
11.366691416038618
11.984074578191525
11.50932529330697
11.166210766672645
11.3534807013803
11.368821169765035
11.200708174070407
11.505360093434371
11.284839291095107
10.788017186644634
10.815250924628694
11.477879192006785
11.36472519702444
11.127057677900364
11.066614557273182
11.062214950593503
11.601172395001344
11.42615286743083
10.796973725567854
10.978792540617794
11.072955253903823
11.150008972786999
11.233747554983674
11.309149619876786
11.38493635989694
11.17026573226643
10.713225263922197
11.119920232751575
11.187767934083327
11.740924728594472
11.307186231455324
11.15269476666899
11.041846544228841
11.413085498337042
10.98346356940942
10.82729712613664
10.947770147634847
11.363134693917521
11.323965943628641
11.173734913643479
11.18051387158333
10.97462912744864
11.566048698200184
11.29110241095575
11.290170221595961
10.88724211964181
11.036479739165356
11.205184546074246
11.260227360664352
11.186208070066401
10.907444702640293
11.119606088668181
11.322780563561489
11.398724449731807
11.173139552296139
11.038323043767756
11.17231409557238
11.25664879825885
11.419716514940944
11.559145935861496
11.47738890704245
11.332169534682354
10.935328853291882
11.48975582376979
11.34830292970481
11.00642041093851
11.363775559421942
11.215745092299723
11.116140548612078
11.257238632734357
11.072957057255454
11.151196506373623
11.272685890660066
11.220864897457135
11.075979278109276
11.401583417328723
11.112490332621256
11.334734652489358
11.150669846463272
11.084109966030477
11.0994575850786
11.436190377619921
11.45231750159932
11.117642735902036
11.25281549180256
10.940778469976363
11.058137877464258
11.339381795831395
11.150272601876553
11.193033482175979
11.362339389551279
11.407630854932851
11.750128732985107
11.091398837757174
11.388268731476888
11.056804756146498
11.392843635588694
11.184428148741592
11.132411431549201
11.230315764889575
11.348890405829806
10.954162631058287
11.334396660532356
11.218710267252165
11.39453165510308
11.570942084613392
11.221783198079704
11.38188915122651
11.151470775068207
11.441586280771304
11.224643264549986
11.234792450033622
10.870596143281283
10.896973069501092
11.267210358214184
11.107670104200732
11.289874213982028
11.17256773177325
11.198780401353579
11.172473114075864
11.229840259528968
11.114322496274115
11.260441085507416
11.288877441263454
11.306533826142635
11.126852276557695
11.225945071051079
11.140971404813515
11.191548940970685
11.352906966348977
10.618744917128357
11.266406317272
11.438439443554156
11.09382872756144
11.063186080856763
11.119962862517715
11.239051624074541
11.160384479832704
11.200491399117064
11.16408497664323
11.345452053187673
11.065285942803296
11.550771413400815
11.024842218691775
11.316260696097945
11.51058379112677
11.288131234458545
11.516189497609556
11.52070771580213
11.51809923531953
11.011470877184358
11.351552752476447
11.60620804605049
10.954749063928334
11.259494944269449
11.260184600868664
11.336672028359567
11.636674124363983
11.290330045128725
11.196268119495091
11.081130359724446
10.987471025988167
11.206521254539343
11.22689194747035
11.508558561629984
11.327764973601443
11.423371813257981
11.168787586257787
11.258172505507417
11.10144144957777
11.129474540487346
11.405157454021563
11.060986577098118
11.586841686489269
11.36773586739259
11.471831372034492
11.272030524139893
11.240637430489432
10.968381389367373
11.197800540300493
11.208381896953485
