>0
10.433514667163998
10.124365659779913
8.50654566533585
7.501806260267906
7.427923387270942
8.334233468967794
6.534141455657478
8.119757806147563
6.728201863634445
7.188712969556854
7.222279336524448
7.671889863093605
6.41282051487258
7.721025295237268
6.922386471239882
6.855344593003769
7.017554186369274
6.855993267470647
6.987234765474634
7.398255535364524
6.645538515578902
7.0796159746835166
6.941711280945242
7.314258850532521
6.923124266349035
10.447013704900021
10.525067083203194
7.905473696803832
8.939820441439752
8.335951348352898
7.898101709644277
10.018370851470129
8.609031198357188
8.105100960744819
8.284562642556526
7.679559865959121
7.138533187369544
6.586949115215881
8.694285644293867
8.628733596368042
8.862548131122935
7.443519420706885
10.036593419319939
8.395012515819978
9.759675797472124
7.397424321215112
8.623938092640024
8.485155011438625
9.091112844133809
7.567584314939679
7.12443125351033
8.198678988221385
7.149761127856887
7.296268350036078
8.000541653582873
8.142428466831316
8.629086321610474
9.11503355647567
10.494402562392397
9.516725164545948
8.644145558082542
6.867430350693112
7.0294346928983815
7.060430931060002
6.8291222201053605
10.471902934637926
6.925445374828226
6.986988401672152
7.609890514106702
7.438301793201046
7.855163147659212
8.497923077110338
8.386949614789717
7.693201827465801
8.341652559570399
7.328603742900747
7.029659520995429
6.526753980096446
6.544534443410614
7.92073012627987
8.597974632235564
8.507607382249
6.783384487501989
8.45719353706373
7.875575120603547
7.26882026436982
6.913960202928452
6.906091896517762
7.226568069942627
6.578299080325096
8.59122043664163
8.591454086227486
7.227780037403071
7.51528800703171
8.387164831938835
7.633295768740227
7.006489512602115
8.425507252122232
7.434771037308246
8.310003525580074
6.8112252049510715
7.146843022975942
7.03407484655783
7.006124227097364
7.536155252459296
7.494434104996146
8.980510239510451
8.974016593740448
6.301774396559861
9.192568808059432
7.334132058271927
8.384899020068904
9.222767291068259
8.09419717373901
7.841606927178999
6.62099063509902
6.634474587747178
8.293086913645398
9.005797051661023
7.627184653570933
7.818978211412916
8.564288334850575
6.778718332848261
8.37178309831393
8.510698802132053
8.878901279520067
8.441670200272902
5.486157229368448
6.0525017114471344
7.93142434356241
6.128803695147758
8.095012267530183
7.7776785979015335
6.58523868659983
7.4109640722807715
8.103437963842822
8.09703312557302
7.3884229796783005
7.477593959796852
8.146899937835641
8.21364722034527
7.597816255430586
9.837396169539426
8.051940868267266
8.889961250549526
8.369501366962306
8.787439724135444
7.615602773130801
8.33497181902537
7.346877767332134
8.13520345535538
7.774947925970726
7.139925038011879
7.744253897690041
6.784667767824845
7.349147505845644
7.380020011340741
8.683716633827677
8.397550653737724
7.5231874390561195
8.557504490859532
6.045129988804959
5.446850756597236
5.863813942050775
5.601910952398832
5.82753350270906
5.4236063101404035
5.967164222074141
5.344509235358634
5.586208828449615
5.591055830595085
5.581977022657586
6.380621949665632
5.803939382023319
5.521859130516093
5.501248385953743
5.663407012792467
5.791405253350485
5.769585730909267
5.488081941612753
5.664143649733945
5.734677286316848
5.858961190795534
6.693351979999195
5.565221743824843
5.599104536809745
6.204696477270368
6.085586877586296
6.157567936878388
5.953075029732074
5.953524725885595
8.799428971759069
5.95247704301967
6.035070018081628
5.68342464970436
5.706400908964092
5.715056813708323
5.946338955993008
5.586719497308337
6.10943626837681
5.313725849012555
5.471171538057039
6.147112359185908
6.6247694207436405
6.423228665831001
6.707186929006234
6.348140584322605
6.544594656077593
6.868538749568572
7.127879708259031
6.374395260904032
5.851032423864535
6.348269882398971
6.438617708001184
6.485668632036458
7.788871566865652
5.946847074199093
6.4658798755975315
6.216672573422143
6.8855192642470415
6.831825936716304
6.482489392107916
6.10970759295846
6.953805605919308
6.581528930856512
7.346849298671297
6.776734079823595
7.242509410427877
6.566263512077179
7.076268633863927
6.985163622261346
7.201814419343748
6.650082254335134
7.080788581505208
6.763553408422357
6.905323728814342
6.880622787172198
7.0999770087266665
6.820246875599578
6.419758734990135
6.324978980169999
6.495980405173143
7.137701771106795
6.606153133054667
6.9453777275974105
6.606397339876657
6.814457461800108
6.846625807190812
7.116021784605242
7.222949623254889
7.326202316538743
6.720407250665925
7.424227890401247
6.9996104868301545
6.630545623350168
7.0665049301554355
6.779438457973913
6.769578119128366
6.127036380566906
6.304054343983812
6.387589443497336
6.668630793544248
6.4106097480152435
5.903580943410975
7.224566860033844
7.370970938541269
7.210884918632167
6.6107528114259875
7.07670090649526
6.770935109511327
6.209914576411165
6.080490751486987
6.780315082913895
7.320578740237817
6.882281809863434
6.841548196744351
7.791234726707128
6.051848109078445
6.9369222541883815
6.439543597378379
6.551211648484632
5.956243294772973
6.33795974835745
6.08386837649709
6.601099833102319
6.5725736109717
6.19780492911067
6.925354116834053
5.526090717805785
5.657998744910954
5.365820021289384
5.692048102836113
5.356576658020351
5.4885393457449885
6.37798495482895
6.707957092442138
6.104215036965494
6.977439922681197
7.103255919491601
6.630472162580637
8.009317135290706
7.962687386187124
6.943511067211829
7.776523049780232
6.732401914094581
7.731632093376192
6.708160031945126
7.551994326985051
7.304089095402678
7.159109695059222
6.5294749038403905
6.888876687406136
7.748853798535137
7.389268933990007
6.594964114164644
15.556607511361898
13.691493776481249
15.342061188737068
14.72680753186468
14.388691756156115
11.073986232762744
14.665508888378751
13.142537728147015
12.726054211326323
14.427982335573093
15.161859734921762
16.686857352225566
16.590161221646415
15.279358527402467
16.795452576750574
15.521286839971745
16.750420956469938
16.26574816962279
16.34776420844318
17.087038759088667
15.968312207394623
15.998784477651082
15.976298886959057
15.256911846715411
16.78417602388505
17.25247511936372
16.481219578242403
16.12207195755492
17.366619984862623
18.546324252598783
16.34518773587248
16.41766383024777
17.249291904619167
17.294545859775294
16.184893630512295
17.08291058950032
17.191705540661875
15.440126646904954
16.059166264519607
16.885632701907248
15.72984719751066
17.03712385931206
16.448252536836623
14.626294659206481
16.238516869159195
16.676205585914524
17.210869038149742
16.57819427976808
17.401993375712195
16.153898549423154
16.361899876694775
16.71007814738399
17.87502313957361
15.822451266899082
17.652904690269235
15.81683959119703
17.085663502586527
16.7926440163427
16.788304455551287
15.737580060020843
16.459272656843417
16.38247119155797
16.600746832244276
16.871668747701595
15.89586643026697
16.615008464912417
15.43384784521958
16.630545082406936
16.058193460973378
17.215264003867688
16.272141685690418
15.804388655591444
16.84150596087533
16.600837988993664
18.37353062953507
16.172929388608246
16.476065188651756
16.737805559514968
16.681652662342415
16.072478638865366
16.900905978864987
16.25990771029151
16.43323250027621
16.47308353137469
16.371255463016578
16.082747646174816
17.206468731841106
16.473786281230282
15.888399320742412
16.95849567009115
17.042826825756826
16.519336134730878
15.669749941889007
16.584468063259038
16.176864339654344
16.956482675154223
16.534787675476466
15.960730246863038
15.991088137650681
15.831264144308562
16.039617644884938
15.898394571297262
16.973817720594266
15.863021897926156
17.26793081098856
17.321868191839602
17.005604328969266
16.20641365607317
16.61114976823549
16.740085072106815
17.485870133777574
16.853152342039376
16.49569832956374
15.924304576091814
16.43518413504799
16.59609999851398
14.758659346430624
16.508720184079145
16.317615900722373
16.509868333645258
15.932028410499003
16.490600067096498
16.723675820127312
15.770713380167582
15.986014462771227
16.20796370290931
17.830027645513805
16.590969573248763
15.927106029241013
16.975891249299334
16.937218134233753
16.48205650786248
16.43633951136913
17.542176945218397
17.172011560898802
15.56503921911853
17.58219169670813
16.591256496829637
15.843605193094346
16.337584528196164
16.58778204561357
16.18028340024367
16.16378167316455
16.116905380476698
15.941589056365947
16.431939505597523
16.22310719655068
16.35122593300794
15.935720515393527
16.831387848019727
15.988511617906566
15.97358906468561
16.632628694369192
16.23280156830369
15.506124422576889
15.55087079257686
15.060568364533472
16.030302378435554
16.741497546169832
16.682592376475938
16.764690132568152
15.646207538692055
15.611297825999847
15.509957227667805
16.336150559553378
16.991835112010442
16.500120243192516
15.615323229805416
15.705651576150592
14.987027739645864
16.564244704567866
16.01655290329419
16.148391479967596
14.638182184147395
16.436688455102363
15.759339280104912
15.864492300685187
15.634866147594666
16.317901962840608
15.692917770491807
15.253729030933872
16.018606925174044
16.18439501846176
16.521036908486337
15.852037594424711
16.336842506471356
16.900649188467106
16.8789545448882
15.755029271978636
16.70347698025041
14.877188541069826
16.146008677712143
15.858196015141347
14.61307866405678
15.758343051521575
15.15182436118265
15.743669895067693
14.213006217410388
15.138034417158753
15.319967939101357
14.571942761348522
16.3741373848151
14.366957150016672
14.952495538985737
15.233169940924002
16.040551453413702
15.254421315669862
14.945162806986534
16.26825720070826
15.036711123454912
16.13188201036749
15.911667667895063
15.590426002198459
14.81041177496239
14.691126064391135
15.432598296045732
15.604615954421096
15.972575597421642
16.28369349920061
14.902796223045392
15.476491906578316
15.437462706351129
14.963975514269293
16.22195119236246
15.734968892566076
15.274846126773658
14.856580429719843
16.70764182055017
15.982831248693703
13.608640087068423
15.614585027401718
16.457812961912175
15.339395834677955
16.54829600417849
15.65584542969145
14.41002611669077
15.64020410858489
16.068349372305413
14.752339292757103
16.405288248213544
15.728142157551108
15.872043647044244
17.98425611252411
16.020762925921485
16.16093047626299
16.047130327893505
15.015948735356458
16.34081686808242
14.1788065641936
14.867162199199512
16.277339727908743
17.357494148172886
16.75505227991035
14.883277399069001
16.081127898058035
15.148677534965515
16.372684758303997
16.277116908713083
15.115456912847478
15.144382728356
15.20642281864012
15.840749096641128
17.630328303751206
16.11393656198994
17.88317349127488
16.826185525350304
16.823580350077574
16.553567258557575
16.02549527038038
16.30047597320992
17.30374026186449
14.986875059080099
15.535307217643629
15.793612389464808
14.247032078190166
16.677583073030657
16.6601959834968
15.8997766076643
16.12115445619219
15.506699297433135
15.553349533829092
15.605678169454068
15.630491021226973
15.017831912353852
16.991347443536572
16.174081313387216
13.873316463621348
14.59144346657568
16.794495117129873
14.958530017245721
15.897865505440235
17.008611215176725
16.110856817943436
14.70375434505112
16.626584016444262
16.358675589579235
16.931541028599657
15.060127045152647
16.759972263944324
15.484798209330664
16.53796159698804
15.426213387530108
16.24614913062692
13.862930710306046
14.423875350692807
15.165583798362162
15.94744398201193
15.347070559505736
16.179968378619222
16.204620471827972
14.878688360131841
16.202887672703458
15.580239815098006
16.24677054552911
16.329378619965805
16.161613839077916
15.733331047700345
16.682367195671652
15.788491639429086
16.3267985647535
16.93464805709511
15.976081370395429
15.985101499347069
16.092311392507195
17.17302169787112
16.252930594372017
15.668185005550782
17.33184089040072
16.179508928996487
16.18402783398643
16.339681988662896
16.74092886480478
16.23693612855651
16.052501031156574
15.827043322764856
14.452878909531664
11.155193190551001
11.524984110637353
12.356283610165484
11.076801408608633
12.349710912373236
12.177302587350251
10.139633142863808
12.317431473353272
11.29055746740917
11.226865570724902
13.161905006572393
11.783198395623176
11.12933664525636
11.871431244677732
11.427537236606753
12.44096882452276
10.999616650362833
12.70291283311947
11.660395151918033
11.595856044957145
11.302377245485008
12.623443558130015
12.748926056732412
11.351010967456347
11.403021518430513
11.190441444947162
11.621583272294732
10.06613006347535
11.657011144914994
11.262698039233472
9.041356813738007
13.403985148343097
11.699484655396308
11.263760658449797
11.467631441157026
10.915648493704657
10.844251074398256
10.431074796295743
11.439861906564719
12.253670626723032
10.966680632116002
12.718754625373334
12.084035574983956
13.59417588558763
13.044501097573892
11.585387460516056
11.368754586374653
14.510299077711077
12.29908362418746
12.033854777951957
10.82417478372138
11.45552059058869
16.855105674736564
11.504144793116618
11.22905967204024
12.19828208181191
11.191686860766156
12.441946796601876
10.960447369627344
15.854854040070792
11.90979517151988
10.730556467582984
11.418336907046871
13.482317842621262
11.34118217339736
11.899415286377911
11.766808634539533
11.113602505666439
11.830434995574384
12.624536477706124
11.973938803732576
10.657697670640765
10.48793676688897
11.45353133341998
12.686184576127543
11.996529919385468
11.640838393421522
12.783552811270983
12.506316563844042
11.456761737958999
10.893478696109785
11.363446396944777
12.310093886775373
11.561539494142705
13.602950840552731
11.985597370732329
12.498931370855326
13.665790085410505
10.28102862530177
12.884256937275651
13.13850189180362
12.93255285617209
14.39893118777965
11.98481991624391
11.469049325172037
14.277303720998956
14.973400261502896
13.698174257519028
13.878261694598116
15.90658740905764
10.729294301344598
11.685087450292247
12.136613540450982
12.167772980393163
12.882022147540509
12.17004849618625
12.727770019241557
12.780256959192677
11.511685350245584
11.288710535850653
11.940576608210746
10.739115812898612
13.020974848919455
12.292845534795553
11.913219574740049
14.40071106294666
12.115261229424561
10.663046745795592
13.581396537771887
14.446835050669687
12.524792242185
11.475996721445064
14.341710589221051
12.57147450801614
13.395290672806018
11.67665388576664
11.38279836087797
67.60148799398398
70.7013054637963
84.37193981678699
79.78187646820508
87.15755567467964
90.25990764234898
93.81720615145449
90.11487934442968
85.55823599379592
87.58730701240687
88.14522173755782
86.84630869054082
87.01849443629303
80.5589414571258
81.11383708222446
84.88945267418029
88.05925073350497
82.23688333989199
88.43851515555961
102.02572930873087
101.6748358640376
101.91637626321467
99.06875770512251
99.87125668271344
98.63339184381998
97.50764774576126
97.71325915064764
97.51139280960899
95.15072428304671
93.66369778940441
95.10722772004667
95.70011574032478
100.54057015808894
98.13198684010725
93.75000434965511
96.74464630479169
99.01932840966664
99.74607121373221
101.85152488200963
117.72687911901768
115.21083808735304
120.19675063104803
117.49090817916243
119.75256227993063
120.05387657303854
122.40227714523307
>1
9.909813380969833
9.633749714961105
8.419487493515382
6.737086249553718
7.450566269293064
9.068150669587096
8.247473779433566
8.730109610875418
6.917112914324709
8.815668927173927
6.584426957414904
9.111807290061023
7.691009296697971
7.451669147653207
8.243573443412103
6.724715503899586
8.372231988173949
6.697531820871434
8.609980052901216
7.684571590603654
7.648042528640404
7.156836225643308
7.680195130622646
9.07925080015999
6.922003240759266
6.853503642573153
7.685333028459604
6.619670280726412
7.878655121657718
8.087827593850902
8.1274113271075
6.982587633047338
6.659677591813651
7.152576132947081
7.391352701341938
6.823804697680727
7.616516733154057
8.050110013351318
7.904122339034406
7.039413128524872
8.526970117241234
8.738423255534101
8.300871375341213
8.36348014637771
7.202813513421131
7.135049132046693
8.585724106800022
8.57103075285857
7.537365337561015
8.220775752221464
8.02601683051469
8.014848212916835
7.774880870851625
8.321330302892887
6.283768836788066
6.801475981020119
7.8117778929245665
7.8626760936021
7.508383193924795
7.352958655881273
6.724737655679524
6.653546089921214
7.0682303631874674
6.781524101967963
7.344847555656901
7.178667014417515
6.508093110859907
6.189911931818563
6.908019137822222
6.965614629718082
7.243890035228655
7.074423544526898
7.361309895291451
7.550732875858634
7.0556837125537335
6.86385872375311
6.337995833990855
6.086612042111914
6.532779261465494
6.1173594920713885
6.2145686499186485
6.4678425754233775
7.057478725307467
7.07442269494658
7.123224004342335
7.25859504965421
6.573109709287762
6.490738134896044
6.88004502434181
6.225402167696547
6.8252304130813775
7.068371150597581
6.40256467506711
6.545754040573786
7.0410582527349
6.9366210224504785
7.2416043879297
6.7818385218977655
6.692732143594122
6.948175458494181
6.795099262258109
6.827279047342206
6.671320218308262
7.139449081858962
6.966507517510077
6.689176170328913
6.62269236568192
7.008694755978341
6.694302354650304
6.544685535055922
6.862207190469608
7.017990591436777
7.510841170510693
6.675594423813607
6.925532141375175
6.943141536748948
6.70099626138777
6.272789241748654
6.593846362061169
6.762358971192272
6.7963414402380735
6.548916438591165
8.406478258631594
7.269641996293013
6.068640839315879
7.682625842845377
6.631332879063535
6.6952234199095555
6.45392956752839
7.033339734525919
6.583968942781265
6.342783881719951
6.89036349563004
6.850900960076191
6.2331353782164785
6.116718608498896
6.813460552819346
6.784899088279699
6.672293969314708
7.294332707925048
7.233233251279827
6.976702286506922
6.864288138320407
6.625520734077515
8.424314893375268
7.928757614358385
6.535307258253495
6.4502890326067055
6.5323942702158915
7.983920193017227
6.916440710236431
7.2903420109809725
8.104151383321659
8.14460500305958
7.323700320314593
7.680085535967047
7.137672017168788
6.907466552974844
7.584678857236813
8.275052022606081
8.250028014742222
8.69825340862528
8.597460683557651
8.110710174618493
7.390076480697544
7.452061750895922
7.959601367807792
7.704138426427309
8.290807611517387
7.8446385445719455
7.740850282401025
8.45404795119184
7.714357247206877
9.261860300755346
8.570836721697196
8.507350261655981
8.959811117114798
10.116946003820358
7.316628378368548
7.931886890910069
8.243279999571424
7.605931332423051
9.970729561747175
7.275192340661663
9.727295603124194
7.128159603492133
6.980004683928503
7.581112576557157
7.183819430026893
7.233307374162232
7.678370662920986
8.146594906935107
8.636716685310592
7.1943544883857244
10.654384748589184
8.85498493476859
8.265992143623414
7.184024083152881
8.171651567425869
9.312691608893005
9.331315771083698
6.989700001302359
6.1736234347121695
7.04011395528638
6.514240616201798
8.04551939033503
8.865820955666326
7.012505334219428
7.57154813096805
6.317723155745014
6.341608540772761
7.678270944844349
7.426419239938616
7.058153625727166
7.316657571995731
7.356931002227568
6.6416404743711
7.274816258377792
7.249613346017358
6.167227073768502
7.818586915922057
9.206704091086472
7.3034185914126875
6.948113108909476
7.165668724903293
6.514037105857836
7.080931473002187
6.922703829717313
6.351516189083527
8.35137709057663
6.951362991526315
7.951920664290755
8.108002939382583
7.801220987369253
7.245491736343645
6.639955170869149
7.320180165908715
6.793153948348883
7.563523291139034
7.132740131202803
7.387898411802682
6.610643493860549
6.613563673866019
7.462717036675289
6.592922298713885
7.024788576639669
8.991505090600324
7.208430944465669
6.22410827581246
6.504511286917483
6.716962289587464
6.368699596673217
6.658227751210096
8.3962693828325
6.268378349729318
6.261378009442079
6.669346803911922
6.896273866399965
6.6389751986495105
7.390192340042553
7.541441057367041
7.716107630419501
7.113975208354345
6.888939365651567
7.586289673793117
7.89627225811108
7.422899516627776
8.043969088029364
7.238353682082977
8.278342406914
7.08342582577291
5.705742884483302
6.588693646348514
8.176644093617174
9.122201467662364
6.926017902070285
7.580984409888252
7.523953849265186
7.473695363589388
6.7652497718622975
8.776973006293169
6.735778405635071
6.87627196997901
6.837952485913075
7.6914013675647395
7.291227858546456
6.778735883992178
6.880754442487669
7.678239387606229
6.745356382556251
7.267310953210545
6.9665520973375
7.412554923825461
7.094364855095824
8.93464911382155
6.505352731594695
7.26832375499419
7.877134921564303
8.879513234731508
6.567864092804587
8.162238789358765
6.789337082961045
7.0701693442719185
6.719050114254816
7.521511303457855
6.778899327776943
6.715779036722536
7.428814667633263
6.838778926811364
8.047272582351761
6.701859690861979
7.160295219985943
7.235887998819153
8.778413270191587
8.768214465592836
8.304405507014147
8.704247258602672
9.152025646225935
7.8442476265678325
7.001266728565001
8.178394511332122
7.862678820917133
8.52585022414896
7.20396712326632
7.073319551209553
8.14841661943452
7.505555174237001
6.839867298409561
8.204275041152977
6.946025499151846
6.571641682013191
6.609606278987427
6.877595242618023
8.395323909166414
6.467198567145307
7.089062306801756
7.200463324383537
6.900704455911274
7.003232785284846
7.1739015126497625
7.046366596435177
6.94982394647637
7.595093104290026
8.13774931363855
6.8745836915026866
6.3105794317178034
6.984195793954999
6.45411740152892
7.782846562525108
6.913836008193744
7.068192324637007
8.147621105167726
7.365076503490179
6.865125419817979
6.709331873553316
9.013134631550933
6.9746328680229945
6.8213766467251045
6.971312969567075
6.440303011645247
7.0264472932084905
6.847841129842665
6.733409438262738
6.800100881442769
6.694568943666345
7.017802098790113
6.480300139726649
7.088144736537931
7.210863573027344
6.802034563130531
6.610881794384085
5.968438707982524
8.186099191485495
7.151188472908999
7.293303225845845
7.4791159154740745
7.663507878002167
6.899418560965934
7.102202634994735
6.615915102354739
6.928938637637615
6.816978999956531
6.853025306360449
7.032509310010656
6.945798825145546
7.277208643785063
6.9311105959577395
6.85227651143888
7.701648322732175
6.82628716989429
7.071820666646558
6.65645002392888
7.086893006120481
6.700108639997893
7.099213542190627
7.80426244624782
6.732560929447945
6.973907717037546
7.932991947215141
8.068328198196415
7.992840768655095
8.982077262738295
6.93837706198243
6.886334098875623
6.832119348228345
6.181513347156057
8.731762071525688
9.777002215744295
6.878948308385251
6.621690399834765
7.015488729924494
7.367847842804215
7.170735790406994
6.949508729564981
7.030229672678362
6.975552694821723
6.421671382833366
6.614259538801415
6.743197220236673
6.183092264636677
6.594045457762656
7.269221687627086
8.213619716380526
7.954107938751897
8.330797901101093
8.455770910670015
8.221649101278867
6.497046561212125
6.171393031020467
8.610554425427376
8.615133313529544
8.655280796139058
10.347927350672347
10.872272987957334
10.851914166542358
7.7647589562496435
8.60431070894543
8.418480528483709
8.479372008344596
7.569181166134521
7.724248329065886
7.882170227421921
6.938142829628409
8.090680960050458
7.879952903113291
7.977347603596368
7.965054990785932
8.019808230099809
7.94172757267567
7.737057261351125
8.065934829317442
8.4458511103275
7.056879477163639
7.068083000895482
10.668507878091123
10.730415509676824
10.699526895288095
10.565834173554657
10.817805288223505
10.951699406591734
10.745221261546503
10.592225932764464
5.92371617216174
6.416440758177367
6.5050601340387555
5.619033827138354
6.649414293984048
7.877084033581773
5.428721728786134
5.868436572867718
5.928022842837254
6.291419218665396
6.636124150565855
6.256024170602351
6.995117429321687
7.025080504592866
6.712384571979464
6.538217546050956
6.966508091110595
6.7449766993528
6.607076348134552
6.305118172480266
6.344552698880993
6.15567979311121
6.440393075586146
6.096225804526499
6.4019526473775485
6.795250811754817
8.065637764625494
6.394176404430007
6.308505880597247
6.5500271712453415
6.548727309586276
6.38277739200445
6.348270209655526
6.295500157428217
5.973345722458961
5.768915166327117
7.037484646126018
6.068192313965471
7.096691052944009
6.110011295935346
6.693837714360888
6.7181016796699335
7.0038661439217735
6.293044663125507
6.12024777307196
6.190942341175274
6.341134364357914
6.7308402399860805
8.081165062018211
6.867552146745149
6.537710655787992
6.5174486912651375
7.582572853288596
7.384771725707479
7.119217996616717
6.500242960801761
6.169493116453912
6.795657010077024
6.770404365063463
6.44853461171577
7.096751279879267
7.025507084668176
8.396303994900824
7.365527381452124
6.807025790511576
7.257509410352519
6.510343300918691
7.284847173054218
6.7385701719793865
6.856848710823433
6.751016606892243
7.066757625660125
7.635918196206091
6.762379169100033
6.915237919924855
7.608833519847035
6.672766147443242
7.606550007785308
6.7644162294260495
7.817289751134107
7.404216806898341
6.484369710287887
7.254234965392161
7.765171262563762
6.591755881125828
8.109688329747343
7.349097279373221
6.944429873549672
8.090841559812382
7.222696837594661
6.7894463575931026
6.687991259865266
7.345373514126869
6.802718446978401
6.932740113137719
7.2288223577974975
6.770338583517695
7.046045044764912
6.99574526540185
6.724513156847414
6.973376827874464
6.726642401585406
7.274800335975439
7.14356997191296
8.235111762856928
7.817583263851351
8.305190919084756
8.037276075950237
7.579547934193972
6.873499072621044
7.1416577241059835
7.5301369819287105
7.268355126894297
6.886492611923989
6.759855997271776
6.8406439907018175
7.00325312013084
7.198109956813072
7.197722487845325
7.003496315665116
6.192115370962725
7.226786268916923
8.721699690459129
9.278036153997947
16.832801305860436
18.66183309981801
13.667569138678818
14.460158994733128
14.299531602594836
14.300794414404804
12.744837150671511
13.182047649526796
13.811090561543452
14.128083379000145
14.211445727911103
14.523562830669595
14.250419256206008
14.618920527687768
13.726835802392277
14.598046320316652
16.1952920989872
15.515171081002771
13.866986384472899
14.18006326001878
13.81190586031241
14.451602222105084
15.006438158045844
13.974705806473624
13.650281057439448
13.882593310674542
14.951795624157542
14.75150772487344
15.754586892433165
13.792094281007824
13.836170252205061
14.495866039587488
14.115626368389316
13.547533316715617
13.48065621277184
14.229662584534369
13.56918454945566
13.881173502817623
13.805155376810788
14.835043737402318
14.773500073908629
15.787532416795296
13.605202897909196
14.064816989678755
15.001099735782661
14.236848330948517
20.139171317849023
26.238164329085986
40.47060012145651
45.55571716904102
48.44667457721555
55.88134436401315
53.662290644737915
54.397774624352195
55.667556145980015
56.8271879664966
55.479236421876585
58.08279070485017
57.66429687403386
57.10954801084714
58.19377149775406
58.867776956293255
57.86870895231256
55.16797814670871
55.94574012864878
57.61085288724094
56.41052613985977
56.23490905251567
59.40116514774568
55.9462872911797
57.715049484353116
55.04704970571541
58.14214792968204
56.985872587276354
57.10985344841741
56.99794929348632
56.90986943752724
56.557592096038384
56.29620936235985
56.54180282161323
59.87354071241235
59.28870621842893
58.79553271579174
58.09324294142081
57.874600421408964
59.69112225913688
57.58308453032296
59.41465459248441
60.14373689043984
57.91839946023891
59.633314915183576
56.82513621471246
59.75579180682174
56.46076432439013
57.673947631467115
58.275689135259846
56.909604466610496
56.81376769767966
57.56312667010785
61.13055631794955
58.29151170382351
57.570746550412544
59.128910464217604
62.7823182483783
64.60598023288244
62.186159505358845
64.29329844717802
65.6403322608966
63.15716233504241
63.93235773050778
63.35517755391127
64.37199126680005
61.27532228532355
62.46449599212536
63.19008781202722
64.58807744295619
64.1309214886354
63.02116220193157
64.71415583814762
63.181822066148484
64.40749877544492
62.11819871515987
66.02026357615497
70.87585220722175
69.92848105044877
69.69227334154272
68.28867363490698
70.18721405259771
70.38095645310331
71.42117218494151
77.31485137804728
77.67563852656284
75.96754149844503
76.72835437891146
78.0923296561191
79.13225180280175
80.00623725831238
77.07982816787833
75.4240465572281
77.3453259972087
77.94238774632946
77.97765150480657
77.41016653439594
78.87527496673005
78.51168261093247
77.43456451751774
80.11876301514353
77.12574594140611
77.54333935248782
77.93579082310603
76.88441483884976
77.49736553628095
76.84547270998418
78.49727085795368
79.31674252454692
85.06269315317783
85.69064862438242
82.30647553321114
83.22954175545507
84.00519461926123
83.90276074866422
85.36205566964844
85.56032097326728
84.8970323080268
81.99266366183701
85.3677057435533
83.98975090833942
84.50745063170669
82.42889761479935
85.4652441406135
84.11688285756233
90.27779599637924
92.60991090938977
96.37352435146572
94.10149604348457
98.16267890340504
98.48282205506406
101.20406418450861
100.42549037131914
102.44802365375261
102.76528756695653
102.0525597966903
103.42088541206367
104.65298528807747
104.17189523555433
102.74191498096782
104.01447485750778
102.38380839418326
102.03442357079254
104.30125061606896
101.29735553725051
103.31849670573716
104.62778784593128
104.0255865546051
103.7876520527002
102.32866508915691
105.48621506610088
103.1505685717807
104.28101752170328
105.05847246016113
105.59767874552644
104.4123131043962
104.49944874849494
104.2906737229231
103.46379783369804
108.19002009599446
102.42243227489331
107.23486343493354
105.03550856201791
106.1138041903002
105.76118631462174
103.77969219016028
104.11640836814026
105.7238185857694
107.51847346603944
106.6851981779794
107.43282183454514
104.64954412666879
104.71720685485865
108.03794386157803
107.40466059640575
107.0801325981281
104.96727224559002
103.58916792467768
105.20003845319881
104.64238966421532
107.69204559264847
105.0499650903464
101.31904279703207
105.7505840144209
105.88220622714516
102.38771568518585
106.53916997265993
102.93520146755421
102.75421796948889
105.82412482707744
105.33313898927838
105.60957862351805
105.54332534300984
107.02584491590396
103.6067208806146
107.33044792879492
106.24647963190567
106.75841295253858
107.10447324844783
106.09939297858878
107.70931131844398
104.57826626273453
103.0065459789325
103.96807054492893
106.74592618592612
104.68009434049671
106.00931244822166
103.19796211653649
107.97597382056985
105.35147567959845
106.92096306402094
107.43600997144287
108.17915827470827
105.68149863314044
107.34041319451345
104.97913940428901
104.74487993659828
106.90413394946293
110.04630671570963
105.8495840784783
107.54891347844197
107.27986462990523
109.29128345489812
110.42174254153606
108.3298046618625
106.83642831522317
105.73253289196856
110.11712442877298
107.30994319255052
109.6439981243805
112.0278416260015
112.9980261443684
109.69604499897177
111.23734086597628
111.44830039466694
114.92030314466686
110.30563357083149
114.59939239883316
115.84044414748622
114.69049586627018
115.55608415301204
116.520266395542
113.90465703691194
114.3938077477255
112.53046790252051
117.35670376063413
119.00199314661953
114.39062373644441
117.0689417968347
115.43347350977206
118.6976736959774
117.5004813170147
117.92105867025882
118.26337995198436
118.77067584320767
118.83113786566766
>2
10.737551169653695
10.601441692824677
8.3983831906782
7.779307813282654
8.205187345575618
7.303168211675171
10.106611281207952
7.07543657837024
9.076863338899054
6.8134567449627275
6.809028844973134
9.481948948966101
8.06961968504717
8.03603974054473
6.402177079586841
7.0263686306523105
7.218242294693727
9.426915711531322
7.949000829263738
7.337862715534281
7.127225394641928
8.015890303583017
8.308901977090235
8.34631124226381
8.241912362873357
8.532305140432339
7.124935096488761
7.332814197612771
8.215907749589505
7.635191218164977
7.977551903314025
9.027542183538392
7.195680658473642
7.66096989428679
7.56319239259345
6.827694393418617
6.959723007785867
6.960424433576839
7.737276005405276
7.647253746065945
7.847744718661064
8.07708051297027
7.703405446953322
6.521755503069042
6.45782030449728
8.581003265080218
7.7251051692699875
8.051045666638323
7.517298634730197
8.189258542952674
8.170334474977803
6.971094197225183
6.820090785218498
6.487455239242356
7.04654449629879
9.93085983855307
7.029503220970458
9.214699990960007
9.142965791785274
7.158069888253845
7.787126995501781
7.730889667982723
7.338087663749159
7.18115635147084
7.4661393401496925
6.794380072762587
7.538163559836783
6.8425052598984495
6.969988033895776
7.852353289826388
8.520201408585068
7.612658553753238
7.702940477048126
7.158749520570368
7.492765239672032
10.06511251994117
7.385602376084926
9.038255175339149
8.314698210881469
8.481293423888317
8.591601285924005
9.123150755653159
8.384042981950603
8.748379308976208
7.453083157252509
7.503465507751992
8.603074929007315
8.389957225795085
7.254963805971681
9.238518764206706
8.303463510114526
7.190604682073469
9.289956124684462
7.678259606110922
9.053004294984678
8.480839303919524
8.397371936413114
9.288737729269553
7.174171693348994
6.920573131261878
6.448343536224042
6.920057595675657
8.108287761983771
6.807027798076565
6.15437079608671
7.310056825868331
6.499971497110943
6.91376535809533
9.656400553271013
6.875297681553384
6.438962177404421
7.273444084176538
6.539962391572451
6.7170544274390345
6.582963270396185
7.104581357953508
6.7186772412411235
6.890321957882567
6.939739221068098
8.267478037752007
9.240060918688433
7.004798041365067
7.7196585712467165
8.013387648123823
6.664795381689808
6.785020349140498
6.935167672240567
8.04265156593438
8.122978348306086
8.598531101776397
7.519402299169258
6.85372467928278
7.23190834086713
6.942510928393797
8.779555850893763
6.951059798576915
7.117934485515065
7.054087144302404
6.404492554088687
6.628909635279573
6.636019000853244
7.152167337213262
7.000963744468837
6.796805759758881
6.399756174648296
6.849088363137677
6.7861750050021925
7.259268330807461
6.673940874736257
7.38681149332345
6.96863422093638
12.65983522786701
7.059752184486047
7.126395688928012
7.626001691514997
7.450707052639213
7.084451236833723
6.832191865247429
7.436689679885416
6.995562236079122
7.010462560774344
6.497562839268235
7.347761336884106
7.248139612854776
7.6111522093652875
7.588612795064621
9.879268158484521
7.244825064182314
8.628226973620137
7.796308039433494
6.4643948591653775
6.777014993850867
6.85057330822201
6.103351759232476
7.185747359090209
6.868549337732507
6.799535800418127
7.01606592472224
7.048427483811922
6.939927990392182
8.291422743001485
7.409019740781425
8.307333246232542
8.576153329876282
5.7408158684014206
7.232440363953322
8.579296820194855
7.434629455962314
6.764822820041562
8.426318321130278
6.853692655402109
6.871906282177486
7.221745233921853
6.810990864125338
6.478452641172811
8.173428316097926
9.955118855406996
8.713114429148959
10.042835988879826
9.255903248377363
6.830637573063871
9.324579037473423
7.393128207434497
7.618595471974654
6.729839827201518
7.229417457540302
6.841987853029487
6.626872511655573
8.165379944162286
7.653211354293342
7.174675379191252
7.365422651349972
6.902968196152392
8.038356888402019
8.36271719187899
6.642977064903363
7.185034005214663
7.436729593401723
7.634120147999096
9.116401596679324
7.331049742273783
7.853332662678458
8.123372047385173
8.308787955704073
7.162480152021582
7.311091778319113
8.850700058224492
7.841752378771102
7.658158139383189
7.475250893669815
7.954477014873701
6.855333857293964
7.094554624053418
8.994118811070422
7.464121615395301
6.484513785221535
7.889657929866988
9.432208148746254
6.526614465716567
7.2650318003234196
7.547690884513272
6.567679212709329
6.163967147134374
7.436451537134991
7.1553459850426036
7.299709237217024
6.726914709796545
7.397125865401153
7.14913364109845
7.343231468445064
7.456598699110986
7.419213320734416
6.695340805954939
7.79582782743394
7.525274990476685
6.976780846949243
6.940765543899912
7.12022953374544
7.839957766784505
7.01083323202796
8.342827963936145
8.015151134759796
8.188256540146558
7.797083109981366
7.966325652270707
7.160541360697533
7.3001539540924485
7.307692661118819
7.2825585680117815
7.081218730966234
7.922081070956555
7.614675780234961
8.583031578649633
7.714913810474121
8.289684416536891
9.161174225150033
7.245386595933152
7.1148142696528005
7.099296678734472
8.21291182595187
7.2471197679255015
7.635166952338124
7.27221877501458
8.679463436503122
8.082044859136808
7.934062033809676
8.855172897281326
5.953101751342934
7.858891486567139
7.0369036999275325
6.908669128359001
8.155825298694023
8.365149091652274
7.940179909400213
8.19013636789008
7.8677498608721
6.9293390214975
7.294694172581
7.080840860658918
7.015268601643889
7.847359254580073
7.175671010648842
7.240873100059709
7.59503661045997
6.862514604863927
8.458612395424213
6.926398254989746
7.73779215088345
8.557274261809253
7.53257319238872
5.960915610982047
7.550566755523938
7.055695556375349
6.151320736140181
7.940000587983997
6.415628787784464
7.337275705199609
8.34241113746561
7.867207492040077
7.1219027900160095
6.678594047221275
7.000473540050347
7.823596964201991
8.089707104556975
9.044655201678506
8.138683470591339
7.219867394365138
8.41199327654907
9.14907652782601
9.93591872188587
8.36612506056707
8.693950761126596
9.274239345070733
8.519737466088035
8.050443111269038
8.206806532806386
7.864664857278635
8.001385450159917
8.035191973484116
6.896275588416166
7.39703191289807
6.66531227953987
7.465130137037813
6.901826799130708
7.310285462938661
7.319082556649344
7.879559249241579
6.66556670684137
8.36005678384809
6.903400301957714
7.258446314973202
7.443241251020992
7.404154343782318
8.530444921677681
6.594552460152716
6.460487313707497
7.198963410818454
8.356239848544782
9.595505637134567
8.241817013155236
8.060306682216742
7.57928943668034
7.885738018279342
7.775322636993137
6.983314922662676
7.05389034905861
9.426567205851454
7.483075554426728
8.224011804830479
8.222133614876643
8.77422622494786
7.061865800524048
7.428727668560392
7.97321231688509
8.563124676561621
7.549317919931588
8.318769348240755
7.143576302268958
7.455933851709231
8.284110253392228
6.57416706014164
8.349162883706423
7.891739725302979
7.0768265610484
7.384009323190491
7.606992366846833
8.224172634293312
7.554607981054844
7.289077089265862
8.802675785335941
8.770134030641707
7.903942196008231
6.8370478897016485
7.880185807587641
7.922311792423602
7.920081649642376
8.610005898487927
8.798779473264382
7.540503792427546
8.147462435847759
8.237246440891571
7.018320841377778
7.3308450773863
7.892480750890708
7.193142983888009
6.714006494984236
7.318395073079456
7.18373370491798
8.667031915071258
7.191750724843802
6.566621751517179
6.773474211388708
7.017677362374178
6.365019945295969
6.917317082914279
7.93802595975899
7.940263954053236
7.970788857669796
6.838325867277737
7.706137971594565
8.340475555460591
6.576023870633753
7.251660917359144
7.101236024925728
8.553070229371883
8.383104885318124
7.200613827494599
7.506177695738315
7.055041983094905
6.723227753967519
7.288552132492262
6.867892295111367
6.971072618468184
7.351393708833074
6.1766926978214
5.590190893627805
7.705267601709294
8.559230356012426
7.071349211257066
6.9920968603907205
8.790192887083778
8.758967456331293
7.130359256227076
6.409109471296675
6.068416152471168
6.499036183714931
5.907928171967075
7.345706495843754
7.113803543069588
6.47234142997906
6.573333242585819
7.2453537080389
6.527811555815481
6.619151148406394
6.938407779088513
6.4669574563476955
6.298152828205627
5.501822519412467
6.141829864130262
7.397161572813842
6.180284222866615
6.4503443167600265
6.289976666645691
6.894433577660329
5.841172212503582
5.874324957648544
6.301488355049372
6.798465231495856
6.6519046011768515
6.5470149736684
6.819522169885537
7.393170602155963
6.990270932497632
7.040133940449523
6.830636485104361
6.6190639295278455
5.294845541750553
6.308972606533083
5.71240867055009
6.54131760087011
6.733253344387091
6.143347647314008
6.624261838338706
6.53647718401095
6.238983103424154
5.954109612205652
6.730885264664207
6.6697904823379455
6.473215794482546
5.439340789412237
5.751074753558438
6.462990757533491
5.72524659020249
8.693471162310832
6.530008414421607
6.407431731488865
6.470045238055467
7.208562179235286
6.392735382203608
6.2299648230418265
6.062016989986058
6.752175808669697
6.180652577898113
6.298818658637385
5.698832899566174
5.9130878498726
5.147068144033252
6.81083914614241
6.4051931388978405
7.192897144726915
6.700872172796318
8.982933648796038
6.842180912917117
6.7520959862486505
6.972269776319887
6.240406500813052
7.32565650333803
7.0247477299872925
7.028361219911666
7.580691097052016
7.369959815170577
7.113333600191935
7.508159207888782
6.378597524335503
6.745621207087791
6.15003880008043
7.052177620702323
6.972970348655575
7.895629575035751
6.4933861900631475
6.695891593212527
7.751582624481897
6.7115949705085916
7.382613854767721
7.708987379323047
7.906203273222401
7.455660104177214
7.013658599092093
7.18550407713436
6.646270680726921
6.218217468017005
5.686607330613501
6.628102490287836
6.542802235343582
6.520657270446316
6.517395454329257
6.175802708935501
6.121972443532175
6.144792312934453
6.681797592680786
6.569868169181336
6.216197107357534
6.8011992134476635
6.3099670694923065
6.206746290547787
6.061244933530019
6.495435834765488
6.4729931971963985
7.814194470862336
6.881214252748476
6.46734518396039
6.733036537647995
6.812222658490392
6.893155244066317
6.460952964026822
6.736377261656759
6.46061923116634
6.851272575369896
6.709889318857712
6.822408578129766
6.456288732583119
7.236502445485548
7.229951870211841
7.27472482757066
6.7743524154120776
8.65538974447622
7.370802797451422
7.407207820341334
7.599049392991635
7.939998207383841
8.593978093853595
6.913017872206798
7.051155450080335
6.983858473242758
7.857621518610193
7.294327998812691
7.518830479008343
8.511329978621093
6.8300350177981
6.726258399415912
7.212487828670357
6.887082529791028
7.178381441790787
7.387362062247346
7.213210363072087
7.466001400159244
7.116988727427372
6.736435744050883
7.585012667656106
7.50045127944386
7.035641175592979
7.2269766563247
7.381401483066921
6.915449241528307
7.057151043855031
6.757983205187717
7.1080466204855055
6.872395997678428
7.550079098562005
10.538577534717339
10.823140653428169
7.412477517689529
7.557102988838084
8.237651037448748
7.448406371246376
9.154145738747985
8.163936893814526
7.6023462519000615
7.693716265868728
7.49936161702304
7.47566547543838
7.4303831074693845
7.144296277360052
8.420145717580436
7.475471242106761
7.370754068959675
7.858882529512605
7.534213123151864
7.521128645327495
8.948805374341188
7.400577152164386
7.149798855114805
8.34481150712385
7.606952069181284
8.570209778979176
9.9997786920164
7.209601150194757
7.389658330360258
7.9994554322833356
9.034438848468282
7.50223454536536
7.437982032862751
8.444314613742334
7.7453060772892135
8.307740568407894
6.613116178575325
9.107416311577794
7.630311546858659
8.318216534180772
8.006896022104854
7.883417541008449
7.718022954426574
7.780188808389819
7.534171547822419
8.236433958724268
8.081234016245181
8.318412014389844
6.905200660861252
8.600746623520413
7.310687749990965
8.647032266486248
9.239221225859753
8.937341550163108
7.931940416943701
8.908886613930456
7.108452116120879
8.711149858924479
8.511205512435314
7.441016918795299
8.558129121575654
8.5597341905475
8.944430991864307
6.923306500930141
8.936109989372202
9.592424491260733
7.798845351447857
9.34828599456823
8.848995133442106
9.263890400731853
9.074529177010408
9.015245319833177
8.407656008057746
9.632202928986844
7.2893836343439204
10.29931574430648
9.865595283528076
8.654335744576121
14.399160118238438
40.90101083308592
62.40391816441933
72.82511239771883
72.37564597660815
73.36009441465526
75.3024752087703
71.84945942797299
74.2696728770292
69.56064254000391
74.17746233442463
72.9722185053334
72.66458787409373
73.2098342182821
70.9166737482761
73.83104065381552
72.80658150097027
75.4808304378295
75.06308513285748
73.72909854626954
76.07048814374508
78.44824655092802
78.65513983594249
80.71265357883934
82.71673323112039
78.30212168494104
76.52104753895172
87.60255383695424
92.10331944135699
86.75064482067756
87.34902538864019
89.44646499532955
88.66889844787364
85.35898681959407
89.63474118848437
89.7648858621567
89.05696092231814
87.63284854197363
88.59095781309993
86.73748150463989
85.17724542383803
87.68877706690888
89.31139101983806
89.62899237620572
89.20128447594672
88.77354881096852
92.32026224882172
91.29383748159964
88.35057211950934
88.78602109662287
89.37048297498077
87.55827357862482
90.61863121754944
87.54848335463626
93.43768094411055
91.69820773974627
90.8330477058289
92.81132816502475
90.5663271525433
92.76634690719813
93.33945274989173
91.51424252779465
91.55428869530512
92.15571006484804
91.779009297333
92.2616977885306
92.20149409800268
91.90900665369054
91.41158245051179
92.0042555710467
91.55492257492281
90.82107619850356
90.94206976934859
92.077103373481
89.05757715420476
90.20861123884711
92.57488945473163
91.0752116877765
90.37663464601025
92.61603405409824
93.10096497869274
93.34169600081378
94.8238042512594
94.33338195377392
91.03815192927448
90.19652913583047
98.35002024933982
101.96680159257954
93.73837235032092
95.02743019012205
97.72993887990486
93.88476303046944
97.08278725232356
97.91253126710916
95.90277650037467
100.26288282898506
102.08241926469891
98.6135316471828
101.92569252499024
104.64691711897898
104.12322742390545
101.23879564355987
103.51531555175133
103.21144806542584
104.20840528449376
112.8471402570056
112.28173390800453
126.57593370430857
124.91479301444143
129.5220009060275
>3
9.583834792813025
9.322883272876725
9.533585037121414
8.547517743630838
8.396760048952851
7.782532128842775
8.534125323796756
9.501218463533206
7.656894342405489
7.537572252536726
8.91016004363989
8.080894572021581
7.6653686587290935
7.277565360627207
9.024312988442153
7.31195265080712
10.491832622240064
7.526715865739438
6.209070301261437
8.131112522442653
7.200629970866418
7.966615770879083
7.98625489112261
7.8969593232671995
8.92364677264813
7.249732411075291
6.887161345587908
6.812910212646975
7.510492817718947
8.30754758624474
8.224492410323142
8.31930809536032
8.166551418277662
9.217530151352616
7.028152289217546
6.885793649569435
8.847718508461963
7.73377367428606
8.251231433286229
8.077768018822024
6.918192059404865
6.972033572313759
8.262521498361197
8.436621201430201
8.887212455293133
8.531194262157557
7.239503147812587
8.29513025399871
8.03337525325442
7.933897837883818
7.253960437594826
7.968341519393855
6.177104457891129
6.7067608719155185
7.918393166431851
6.29572446525434
5.66065016807688
5.9449615648917895
7.477470973766631
9.175524639064664
6.3721821623458474
6.612451769869282
7.2784234573616065
7.948676144541078
7.729202396503687
8.359056913947459
8.599479173197702
7.956374606109338
8.246267696477972
8.481368226628435
9.0002896999712
6.80103119011855
7.730545401616814
7.3474296589593076
8.042418224120501
7.342994386937649
6.87125161912905
7.02376318646095
7.934090029078718
8.221304149992589
7.651166116376598
7.605239199594748
7.018377812412902
7.846103882296535
8.289172069585218
6.7623194830820905
8.495282691016913
6.956536750339589
6.760853484461955
10.459785245314926
8.067872520146613
6.752136797264708
6.7843480840553
6.818390630640232
6.644529748678239
6.913310827248324
6.7547588940138015
6.505135583842772
6.570734739420721
6.930499874681368
6.723509788186383
6.604764314480136
6.282857395751881
7.411200161967538
7.174913000001069
6.533029297586301
6.4660270332752425
6.722276976117784
5.768578491157051
6.614625745841376
6.473425085466123
7.3773454600288355
6.496216250776933
6.907266988973508
6.855048713970145
6.566521978641121
6.36655941092587
6.28959070079902
6.65844841048186
7.09375175374681
6.206132267536108
6.456022872736542
6.78895588725515
7.183160223574224
6.896578249492467
6.600020946584503
6.74236065161447
6.4837045350349305
6.6735318036171485
6.975950476159947
6.478229241761472
6.482429644561616
5.994439986995576
7.296734600422737
6.889938791887493
6.3468761111515635
6.667920479950502
6.798427773285402
6.613221224332455
6.1865218749523745
5.835898242228582
6.750098048636475
5.955754152150858
6.18300950916138
7.4414493690351335
6.748842640496091
6.473622064701041
6.740038320841338
6.831098503532744
6.490724100578671
6.670615817346342
6.51111699051289
7.1897197026603665
7.0630061627569924
6.774073257304202
6.850456704919106
6.59452060515342
6.920159997867415
7.162257612320604
6.949863235286336
6.55415164342231
6.686256652488714
7.12240037927255
6.5543591901108575
6.649603797843066
6.454164596381207
6.203136974144182
6.672363667544614
6.729415398682883
7.066747346079865
6.620725692418504
6.7171523907011945
5.860976156541875
6.495258946761644
6.903761724739499
6.932043354843781
6.1806611782746534
6.691218670498569
6.263802133208997
6.190461726456852
7.161103946817997
7.302764262836125
6.774625670974109
7.24476749617311
6.398976484643892
7.027060389453155
6.9834141124543985
6.6882008520024545
6.535447682142962
6.5794338494629505
6.2400858325633415
6.395305418873953
6.51135148208368
6.612537561325971
7.012326016335575
6.903011523150896
6.210541644156409
7.035028174458436
6.230969634414826
7.208931659419951
6.987815590970907
7.043272483520463
6.675005628363412
6.403485118463142
6.5303574820129064
6.660994093937153
6.582273007850318
6.606666428820869
6.926540538636994
6.656679292363641
6.679477559245068
6.952464494206449
6.750647225804261
6.306950486038534
6.286538296893932
7.567619916032752
6.6472395633865835
6.401131761264522
6.427298374727549
6.4773359804697375
7.029375284857468
6.3441878336244155
6.296493214063856
6.434793373548878
6.280240184145019
6.596029480001218
6.73660394893513
6.808189239400738
6.515248934907768
6.6920197741061065
6.5593061689265895
6.409900834352832
6.797446755686907
6.873842799765431
6.9826679434103776
6.478158840868106
6.7782926946199815
7.170711794855447
6.470863072274118
6.201297719934618
7.072128935299193
6.640068961754072
6.415473785278604
6.747258262107913
7.151394832372945
6.747037519824696
6.782906198204202
6.436208719238323
7.05468980133086
7.160743305070333
6.101181385852691
6.554937471185274
7.301451769831186
8.073986596985886
6.451519721622135
7.607907413140765
6.698920527074029
6.327281591690804
6.603305832068951
8.79853352523514
6.79024072731048
7.198634412105837
6.738700002086071
6.914024195967249
6.707409082264209
6.313450018622786
6.3692681610979
7.232668146897316
6.713305569338045
6.884255771814228
6.429781417102431
7.081561848596625
6.7103597199920015
6.587445062630722
6.609949208448625
7.176220441426708
7.822067222203678
8.096317304067032
7.57203648456666
7.50476421470596
6.5758672541495145
8.330868943338414
7.875154171878931
9.593994872486249
7.279036014441998
8.467317259343782
7.227599249568547
6.690371949652961
8.214564451930062
8.081526794880565
7.760588862145757
8.58579147646566
7.428928793235681
7.469740610155893
8.04649638443657
7.362364469384686
7.104584931991187
8.307206874168578
8.141752712211565
7.397408839146241
8.779866504483147
8.127637771436188
7.4987152339905006
7.406982220499699
6.6787092734322515
6.689570009875301
7.098535202769386
7.158804742865346
7.55609748427263
8.180944482436653
8.109623155931008
8.216655503293072
7.0050158003540375
6.544188219155746
6.190497285987823
7.048226831300794
7.474209408000522
8.370925924963911
7.759567368233659
8.99634838031909
7.034626470350032
10.470933601094487
8.227836485340815
8.438247540600303
8.321296286812824
7.029336830380477
7.559291387965436
7.098249689366425
7.713071136266358
8.112187001579104
8.229562961238162
7.670168035911558
7.841944675042197
7.560368819394874
8.14487889607872
8.013439573316262
7.358596668167135
7.551572753059058
7.70074131330405
7.174472074274371
7.200876764948771
7.458041986528583
7.655025018026746
6.956256097683921
6.624571354755007
7.025535551993547
7.018856504628662
7.1685410909201694
6.791412094419343
7.1710855225933265
7.661706158762175
7.605092127371284
6.798971317758968
6.3445950494530186
6.945306525989279
7.600965767338701
7.1077256335107855
7.309259749092483
6.933253846934544
6.8105860958800735
7.5738193063810915
9.347488281976807
6.821318888983987
6.960218572750262
7.391659812155551
6.8457922181905095
8.74902195016111
7.888383690704782
7.154422641668069
7.570547514089656
6.667884518736259
7.354230797122102
8.031351874652897
5.545641561513067
5.7347208676692185
6.303226584724985
6.1298385317168895
6.2297384004005885
6.57507591829056
5.5022820995402695
6.496168221213953
7.344033904674647
7.6996969036996035
6.955095773422364
7.456518689568868
6.867550958745757
7.85351765703613
7.03208356206905
7.1752151389265295
6.265056313518579
5.990857683659969
7.066474213645359
6.895954357786523
5.121933794783845
4.812588026607073
6.828750406343187
7.539569286542199
7.0388489835040176
7.913420529457462
6.952470134466629
8.135040261714181
6.909088144849091
9.016155242714124
7.790463520480523
7.728385765858659
7.306718928396742
7.294507961803646
8.402029429679947
6.9154867865514245
7.05659496846053
9.147546249923344
6.671351142586193
8.231810387511777
7.485478457934978
8.45337291408578
7.062090065955387
6.407659366217669
7.759226804549531
7.503710474187179
7.985093826310021
6.511921874625066
7.345160779253806
6.348937261223959
7.160357511809362
7.3473413857634355
6.697738498954587
7.237157209093294
7.980267359909331
8.520751057375842
7.99513179540212
6.519695699580917
6.178489046535049
5.598109757514921
6.3227738926438155
6.810828288144959
6.483592824782963
6.13268059379962
6.736056681973334
5.696062112129271
5.9582297046891295
6.585570043909697
6.1855460901764605
6.795729145147645
6.671809268711861
5.930893294559716
6.615057114000091
6.655283663220805
5.645684081892455
5.2786301916791425
6.52796245341886
6.958042546776291
6.989283808130089
6.791349422021511
6.8071412544548835
6.170714204598758
5.909436204673331
6.957617426348051
6.449623445147698
6.509530540435143
6.520067646510041
6.702631942667552
6.184245787447744
6.927890043085284
6.895039004012483
6.488337774686089
6.715223721063163
6.197366167764105
6.5291785692296465
6.678039563734785
4.930097521329587
5.817323644384505
6.10985419695483
6.354806556481464
6.725660402913942
7.113338919260409
6.474688196244079
6.309021468610005
6.711339253194455
7.209358069888429
5.737347605000451
7.444045034052169
7.0275871887960975
6.568980259752603
7.156022343683484
7.218243944933394
6.5719517093226765
7.066622818179699
6.357594110857602
6.460155414843483
6.970443640629232
6.948264107233007
6.5887461027417835
7.043536626617595
6.447900892165325
5.620931076914752
6.758911242638883
6.509491139700053
6.113645551416856
7.013101192362542
6.594917478918864
6.916408063871287
6.344543682203313
6.855076916718511
6.262908739746947
6.18236982895562
6.462696301847916
6.292518866849101
6.274099096383939
6.569157061475784
6.062402697459027
6.264114486102127
6.031815466105932
5.899230309426223
6.017171904240911
6.2357454259059075
6.547472385836835
6.562298333086542
6.234088403942117
6.435907679957014
6.510581597421095
6.039298080450443
6.931972685127428
6.932416753426364
5.9060486997204515
6.291276911365629
6.149874799474083
6.31140204584559
7.082926559379098
6.438485264237257
6.01449534252427
6.542672678855801
6.583197531486247
6.269957161188497
6.3818856740911665
6.269693399097805
6.546031320058826
6.935829720101368
5.820120091538458
5.91535637020117
6.389774716688851
5.6534500429666075
6.32215770792221
6.0053374923267455
6.122401008472661
6.632903504396374
6.3252705914454825
5.935507210566211
6.556475931571272
6.219158337884781
6.985057430378862
6.057709587335357
6.623461539524876
6.549743711399671
6.167507046284406
6.320424168695804
6.124226487547828
7.058833512874067
5.925133360109848
6.746062528455608
6.415063330901404
6.25799612606447
6.7949066366580135
6.43415272934481
6.803315978625757
6.395376419884105
6.525710432795831
7.712648390802784
9.49603741783494
7.122802899333514
7.525309629579046
7.8572611350734105
6.778327190734278
6.466705955618473
7.027815336879251
7.7610590812949996
7.869542844311654
7.546747265613015
7.610169690398377
7.065787751848299
7.2235488223242745
7.195474882728893
7.371264918397526
7.5070166395641085
6.5308267357373895
7.40697284795952
6.76971885912865
6.703187636121053
7.272906770015146
7.037485121174047
6.864488657304347
7.080594933717675
7.560414140528497
6.373271014550296
5.9376998042956
5.923007296984502
6.558638512020925
5.958454931670581
6.517577019087882
6.670845103926943
6.102863133698332
6.31705918803878
5.873474234156981
7.002526639415944
6.188595127370546
6.368779250512116
6.891664732767621
6.284723058356781
6.716647400167514
6.065469732083778
5.967137790487309
6.565053555238901
6.085026868425688
5.996918095470229
6.874138483259177
7.376175037684725
7.195301562903129
7.212518005400355
7.146535850692939
6.231237420262169
7.447705229934237
7.633396820150093
6.809289924481996
7.039305833150849
6.735243878577339
6.945818001356222
7.1569474715437025
7.585929273707088
7.444118685507879
6.731881275299935
7.992789127015002
6.2439459751541175
6.911202043545236
7.187759270541956
6.942835811117938
7.37024943713908
6.965554915965397
14.302158658847226
7.650035811053813
6.798208619648988
7.954238200911873
6.754030338488647
7.378638896246624
6.707515681702766
8.310929330624049
7.987438560321519
7.588421032844088
7.0197823901648135
7.17831610232734
6.947908492350687
7.144115812799386
7.75326400860051
7.397274975638223
7.892567787752634
7.267030366594398
13.338190151710737
33.80315587128755
38.85122974293139
48.37905057619663
50.04341899920553
48.719191040856096
50.5050624429452
48.17932810300873
50.30511232783789
48.558910405903376
51.90687761738673
49.93020547413743
50.149305504468146
51.17522464113104
50.94435705293815
51.54471489278442
51.696046470012746
51.72143698458447
47.85700794199053
50.13756963514545
46.57759435124727
57.86769444696227
56.250016668854485
57.813576427050876
59.62442215382342
58.80565728983209
56.23596890895594
57.41690046128201
57.468437758551694
59.53120491885793
59.900635184871405
61.73842717729288
64.73975187703661
63.590156248418495
62.08596651101536
67.39564499372094
63.78592401055527
64.17207297743964
65.13155153862309
65.60654733979597
63.83775877872379
62.28625714236729
64.04007231991031
67.49779375433944
66.75029475784889
66.83036350287148
65.7505206999478
63.74483860480629
64.75899824610146
65.99661141784858
64.37522252910033
63.98314166195287
64.23495175219915
64.08427652081964
63.58212465961677
65.23331785829016
65.62856746190539
61.527440762597294
64.54108068141075
64.7399469144166
64.06804207981412
64.69809528389253
65.1291298346181
63.96209979586132
65.57556114576246
63.68088832312221
65.89519282643899
66.45897906820095
64.92340385762765
66.34953615016978
65.90694104832603
64.50169520286357
66.05398134662569
65.20369700377678
64.97761637938326
63.02285028805994
67.47980799378563
67.10218414073692
65.03610192636384
68.20360063826583
66.46857090845641
68.42632847620278
68.26486673041423
68.4367248989252
65.46893081740969
67.32310278756115
66.9576855430221
66.71280859570128
67.86825925487986
65.7951460058699
67.32581856802912
65.96182952728763
66.48979354624308
66.33257339977953
65.03264389569327
65.6548839772035
66.24697193260822
67.5245152677483
65.20177585706323
66.61783418954583
66.71948115911027
65.20899281250522
66.19752429778305
69.44193458785
68.64089809550568
67.0782922386809
68.06932949164552
66.5853544351014
68.39604729538425
66.17719452685901
67.52589241518325
66.87041490156267
67.69456809754547
65.92077981620147
69.07898912433112
65.96448773443403
67.57641313358958
66.15490205137054
70.48510389051205
67.74841805666365
69.00533798997024
69.00862168589832
69.40379516194612
67.94939683739466
70.06593054792475
67.96116850221321
65.9294474176353
66.30861073040853
67.70156966690459
68.56031042408841
67.49430258495273
68.35930703256712
68.4030819103637
70.85403876737288
69.36097619531468
72.36407599019196
73.58958309969371
78.32460328839157
80.17140570555871
80.40743665013757
80.11142655669668
79.69356716289312
82.47803212286296
79.74275239121013
81.5386223743946
84.42037482609496
86.60593026995194
85.81578410364155
88.58812223727341
84.45295802351768
88.69002363179001
90.0738725625373
86.3350566766684
87.88192303560324
84.25228391707783
84.6225589968112
87.59040823448083
86.11928597496251
86.3019513902744
88.4287756639895
84.92465827971411
86.89304491031986
87.5995512912441
87.12165635473421
86.38166602622132
83.94609712177551
86.28251524948455
85.86586035088624
89.85740084231035
85.74332448393902
85.5160556849158
88.9511843767547
89.39899197498478
87.30859080331592
85.54256561388931
89.76960189416135
86.61412373833943
88.7799485330537
86.40436025639535
88.32095849581574
88.51291444259286
88.25435966077254
87.97620066947455
89.1228799954966
88.35254028424843
85.98599040716732
87.69283427849739
87.73436768234365
86.33120844654651
87.97254562171054
86.51593430353749
89.05295049245306
87.88264444261044
90.1368618456048
85.92606375844997
87.04847909261326
88.02939751068493
88.06699442345021
89.18616182446814
87.54363540221864
86.36632011646256
88.00655058643711
90.07802784207072
87.53289916575719
89.94674418584965
88.85828105937125
91.25775720108197
87.65259486799881
89.03335940299591
88.80435852798983
89.34086124058666
91.60513329146629
91.72222495740331
91.37806731903267
88.72428406032887
91.60394239094099
89.63917803109743
88.71252316139703
92.60643784513725
89.00165401023447
87.99784194831638
91.75412478903422
87.95551419099444
87.90305760319144
87.73651597635491
90.2188502081404
88.61869854158734
88.49826749285046
88.38281237757222
89.55887690752967
89.03948296466532
91.27001468608809
91.08759906399501
91.36070731111435
92.0125220870047
91.18718509520215
91.17102525625648
90.42614311459076
91.10614857026825
88.6455315514058
92.22539352758385
90.3225704473284
90.18254110561978
91.96421665249557
90.27803196365495
91.59441546334587
