>0
12.48635276669374
12.073907024326655
12.058219083152485
12.63939388830275
12.849161334696682
12.92734578526435
12.79550235173545
13.107729087573396
12.372926908400784
11.891542950439929
12.680777471684078
12.717715165125426
12.851136166410258
12.76004956391333
12.005877943479007
11.656586077151202
12.864875837562252
12.839999117956935
13.033694227014362
12.520242393692971
13.335951311866323
12.977441364802829
12.75219679747211
13.313476139240104
12.767578306448225
13.337917363446879
12.975919495942106
13.132581585372256
13.055513773175615
11.904430765080436
14.032387169201117
13.470408702854723
13.593520406464563
12.586453581385234
12.377804811606795
13.695391338516478
13.65787755124102
12.519328091911428
12.376163265180072
13.218637752827272
12.927145909221652
12.106171119190492
12.84362006263621
12.633092934943527
13.090189344081683
13.004648928021435
12.52180742227
13.455853882448919
13.083413632257237
13.097952001518296
12.669294733025746
11.882704920489884
13.764775401426903
13.545532649952465
13.782464035561752
12.648504775631107
12.021309247106233
12.679777925991898
11.974644071778611
13.450887515275316
13.055547101329735
12.707196674263628
13.043579066911981
11.953851738441413
12.758275718842626
12.877069364847674
12.738316032631365
12.578635328828138
13.581983215127375
13.702977729178052
13.305297121947222
12.5304279488562
12.446526700457925
14.015994974597394
12.527476369832053
12.59179372014831
12.790106865937206
12.804729667889616
13.572265009543269
13.855014578437782
13.127091762385499
13.555480474440289
12.272840039288244
12.493959248428652
12.587784725161965
13.007573149195203
12.888009255108273
12.091023291970881
12.19084266912785
13.98306587850956
12.71779300035929
13.463158230517344
12.379939206817731
12.49097600036976
13.407667502752057
13.06094484695719
12.611891601239963
13.03132137463867
12.18051314481566
13.613954205697299
13.133807491383978
13.399247408435922
12.446387248865491
12.531819605709547
12.329000609605169
12.539241538116563
12.400043651088133
12.849376172462929
13.007901861837613
12.750498736631263
12.263121779831762
12.781938042299187
13.211913138687263
12.690831501262984
13.276097636889899
13.721852380810933
12.80909934676265
12.343241880014263
12.859078226812645
12.905150255626678
12.614381026876657
12.11274144504818
12.043881569560718
13.300349693498354
13.183013292157641
12.267580180925844
13.495921108407966
12.689641508130427
12.18639376129883
14.1882537025043
13.083641744969068
11.975591084950944
11.882608051118153
12.185996314635343
11.700281989828893
12.25054750067356
12.506306595439094
13.102250639463445
11.890977909189353
12.342268572211175
11.811012407660462
13.581859031776336
12.65643168418299
12.78256101241659
13.488134879768772
12.444498140018359
13.422883649633484
13.497991291161364
13.895307309604052
12.829611734869129
13.427541432571475
13.167572401864357
12.720845338257446
12.24077470688422
12.742358906183577
12.919314698607604
13.05167659974881
12.500552759609388
13.214498215331043
13.171524843339926
12.445816368744978
12.73895184745017
12.3887894867543
13.153141846687122
13.286894599682434
12.08792072626662
12.575466504266025
13.041885839677834
12.364039041223034
12.469853346758448
12.176384758568044
12.235404865028658
13.265037715355563
12.567528222709878
12.621448202854893
12.284109281190766
13.040499513011326
12.02351505473903
12.142220369120876
12.771858061167723
12.485460701981301
12.12711392491697
13.243640272939645
12.188577859034732
12.489389038104582
12.595028142236522
13.539834324431132
13.192765525719327
13.30893467411663
12.804487762140388
12.78080149348844
13.224168665734272
12.593698716743615
12.72214309618137
13.359633877171637
12.583266462697317
12.041963867836232
12.679309289593068
12.268455614687987
13.090910146005562
13.802615277100628
13.108215543724269
13.049770109908568
13.228355792948497
12.551568847260253
13.297299604884154
13.173378965717879
12.957842158280346
12.635939574113431
13.60174747970088
13.307252432380864
12.775808952435543
12.703262058847818
14.107502848565751
13.920567977115802
13.866903308276617
12.316113720982264
12.664838500812206
12.92567836975467
12.154845145702533
12.59113842576493
12.561045831625743
12.879280409826347
12.384303959854435
12.83939195842406
12.343002839808202
14.100890829422873
12.020297083274535
12.433439393568067
12.834154724987336
11.493096396745255
13.120798469572083
13.559373454314715
12.640252680351443
13.21396217996396
13.048325098192498
11.679528574246033
12.956226003972727
12.70343156901971
12.78979221985314
13.898259533160633
13.441537200628995
12.060320468086996
11.797472811996506
11.279547020645392
12.024796591702934
12.733580932918615
12.581999786815569
12.653877715735149
12.279602745863945
12.652200928358003
11.383942880696232
11.877512526208756
12.79931603921938
11.631809716210203
12.413055930643107
12.669460374727425
12.20474234568752
12.43940387458845
12.451984970129427
11.953970725265505
11.864041014253818
12.376611040925557
12.703345779559381
11.656388961220431
12.169064226065174
12.108063709486151
12.371345882154742
12.61306184568234
13.102525138546413
12.660080772420269
13.249308949011748
12.52419444887523
11.995699662003677
12.491247535123922
12.51171238545946
12.285941004089139
12.014075640793129
13.153322273573714
12.570140022521448
12.0139765347445
12.00844135557522
12.199549307486807
12.193274291663453
13.378818031915626
11.610933789766099
12.806780041034987
13.133461703437701
12.099749463653724
11.784291350244244
13.47828248256248
11.943340687262511
12.170335200632428
12.603662842795423
13.10801248700829
12.103870690580191
12.456317364164065
12.364248978994766
11.371181385756763
11.88964070777457
12.623050663599688
13.368963361989564
12.300054098173796
11.542532839361725
11.244337750270565
11.435461540336581
12.074017187960838
12.361304370788957
12.449085702015175
12.095729487758236
12.473533556372365
12.152298910530988
12.16186752940734
11.549013084661604
12.270689045848306
12.450208905337492
12.364732263176736
12.512838458403406
12.264916963002456
13.089636911867975
12.380520668847149
12.430174301822966
12.491068528260461
12.412062525382073
12.113199924758646
12.704703726608745
12.18755655782077
12.143736533465903
13.140287795650597
11.90285514604753
11.784850071227025
13.368670962462305
11.971495110146353
11.926480833579046
12.225098317270547
12.119023382416785
12.722476139549153
12.40959029606683
12.790842828710286
12.630882159900946
11.971318135662727
12.96631458877651
11.997279266455003
13.322189674174606
12.816772005353501
12.949556583911832
12.469169420206669
11.900929306931161
13.040084910852126
11.725504914758696
12.287241949949133
12.238569037215017
13.210051191416095
11.685170847660162
11.766383892536814
12.327644503585754
12.696707650757526
12.756386951385222
12.129771091325823
11.694761678571053
12.291040617739736
12.561705225036727
11.85609952017559
11.812565519983414
12.035067075155085
11.894120418584626
12.1616117723098
12.076359119268659
12.186312139491742
12.094500041508164
11.571407550096062
12.442892116397184
11.924780200967001
12.468640801442579
12.450516248619039
13.36042930403458
11.836200628567136
11.89055833916891
12.685998806236414
12.167224132861651
12.211280916554308
11.671599383246951
12.196506765723328
12.274471504892162
12.114764450525238
12.104148977832203
12.434515442523214
12.460066494914635
12.361101890148511
12.405235508084658
11.40451188006155
11.841225238237554
12.927219714324872
12.828523655048931
11.748435692084195
12.169626090198546
13.329988431023821
12.490851569741459
12.85810582705225
12.051392891838836
12.24281373681216
12.247977930835933
11.932493188344134
13.07875738896504
12.159111563598476
11.675526512985227
12.922244871576261
12.239019757296655
11.93918503160862
12.89796870574674
12.414312120121572
13.027120731579213
12.242900589066988
11.857921610106668
11.584188232759526
12.31279727467049
12.241680859880512
12.65630933016135
12.886080917439672
12.192831123152946
12.540545215741632
12.944593729887863
12.090486044205067
11.9666418496194
12.64263442820221
12.36353132805249
12.512697003648547
11.79859403685165
11.507368813423533
12.696024746892487
11.904530457436609
12.676357181600142
11.930104120557923
12.619325517917995
12.42778821611505
12.902992240901291
11.538324337013748
11.93194847953496
12.341834060092303
12.264632418532784
12.702120309713248
11.72862462543571
12.731526476890624
12.609705891060738
12.45617210217184
11.813748113358601
12.33911870955025
12.329691303696954
13.005563521142683
12.486407253327625
12.626149624655168
11.735981266103092
11.325353067874131
11.908867152425518
11.910640116601243
12.076906685398304
12.218116572094704
12.14448832131654
12.425275462654783
12.649839508619532
11.931382397208516
12.135765486537508
12.520982987120137
11.408229371340251
10.990122385079513
12.088210094596997
11.431363707139809
13.158026824037686
12.45676429214662
13.848794399471736
13.256936025084402
12.84193751115868
12.432519203794703
11.492598265574829
12.605877635733124
12.720831483332207
12.011321000287305
12.653487315472672
12.618825377876748
12.71106357103825
12.219919569080178
12.482200633892717
12.623949702746554
12.698835420192054
12.27880362837718
11.70125074413113
11.744025622352012
11.939504938436226
11.410939936990356
11.81369417491205
12.00845683893349
12.280801201319774
12.806648750837512
12.291177130750421
11.769004217304305
12.437807539918374
11.935808922956737
12.135334776461121
12.023337543184779
11.931173983198716
11.989833068384256
12.859149882886431
11.513271011236675
12.345719093241097
12.379623660920782
11.498122545249714
11.69574349317037
12.029860345608196
11.285921558021508
11.811668655624814
11.69010526839235
12.197201852977269
12.391344655898783
12.08909281151676
12.20195848331133
12.472255310368203
12.037129583689028
13.145440709599235
11.757414595345798
12.718368575615276
12.31495000409481
11.78765854097071
11.965888802281132
12.371181559912603
11.567201218384428
12.32082354462129
11.853488209914058
11.741604536450577
12.17185423258
12.026454549490756
12.732182177441594
12.038458232743501
11.192477082760533
12.296560859723648
12.375776570049673
11.98669052818409
12.005278010363032
11.985039847072727
12.811276198123222
12.23511702874882
12.051390018347988
13.343288309737153
12.398397065623357
11.72178523733438
11.260512614928476
12.562465205888515
11.850237755929253
12.196983733387102
12.346072730731219
11.642343756777437
12.125497999679654
12.477793214104379
11.905421105826363
13.061085640685715
12.246568128756259
12.39056632858031
13.230192433465522
11.16266731657185
12.195240883735895
11.69232777995879
11.58924648395553
11.96319728517023
12.362702356746412
12.616413347204452
12.149709245762496
13.160220129481404
12.090893421511753
11.905130058515594
12.86621903272568
12.8063257822142
11.631136671218117
12.978638825665524
12.546282995276592
12.567099304726868
12.218309382732611
13.576100426920505
12.178271680293062
12.011708859723521
12.198871551854593
11.554974099971279
12.73061472065325
11.809253763119163
11.619466881505032
11.938889731144217
11.828334110188793
11.67621575234612
12.267963526011604
12.214943312462031
12.653223686043074
12.212487033196533
11.5324839650386
12.337601890364542
12.571360989751257
12.404229526989928
11.75069289862723
11.869885725401144
11.989849121573359
12.273623199113597
11.408564580960897
12.448669353577495
12.177188055984068
11.686061460805218
11.858484585271214
12.320572602559183
12.855908993514255
12.256766339122601
12.706099474827372
12.403602637887778
13.012809848802064
11.756119178508003
11.817521911464146
13.207020425704968
12.799422890922303
11.589718596759612
12.345209972224747
12.841722030665046
12.49400922457258
11.778849524085043
11.900534412439141
12.177331639379544
12.443364036039277
12.8016942893269
11.62174336213092
12.695048255574747
12.696711566648732
11.86175988721319
13.932739588170719
11.567230806095498
13.055900342660033
12.360596498320566
12.51182260406214
12.058542722860304
12.176428751124968
12.505283441913836
11.962372566796159
12.74013116883366
11.649012364370218
12.007000674475549
12.065843656780238
12.656773599386181
12.024653194610279
12.108602208837098
11.763973375897367
12.126131133736537
11.68339065494526
13.314409414396058
12.309298168107901
12.212004850785512
11.706575946716718
11.789092160259493
12.24642132608483
12.821328673965779
12.660347578772027
12.421534538046291
11.956273605174024
11.8473686174002
12.207012575477895
11.940914248242413
12.21646072349047
12.190694987415885
11.673703442195393
12.266073023748156
11.98251369793468
11.806796036173264
12.002472081076117
11.623952624765499
11.644671636953479
12.787036326583975
12.970069211610694
12.601253261841197
13.133532054575578
12.55985898259195
12.7123811363135
12.381117536679499
12.066290009190055
12.410122552716992
13.03198538801428
13.19597784699723
12.480137598998782
12.11280222954152
12.007054977270933
12.125588310114061
12.008040079825312
11.455176956606751
11.806540396797557
12.18722034037164
11.485817044149359
12.179232830410097
12.234517472963965
12.659588110286261
12.906184953431987
12.123993331179358
12.389136539032952
11.662300653457631
12.200408621058202
12.293868300029143
12.279838479633806
12.102416318170802
12.045715851200459
12.336797093495559
12.622691526310437
12.141705833701744
12.036729058983468
12.589823929563451
12.110811035388341
11.992457235467622
12.856213524583648
11.741803552752469
11.937244717562105
11.808013020417427
12.309293775764283
11.982303081721922
12.689924064834582
12.460318699209285
11.348608599687145
12.391533633033102
11.82522865124703
12.629157950581478
13.167056442710198
12.045152155500654
12.854206632377851
11.926857673579022
12.154531796461441
12.390198241500217
13.15853672621635
12.302212220422875
12.33595995021292
12.025489260781425
11.778304176544314
11.762540169467076
12.883831395025789
12.24168105334177
12.185400577626403
12.773269399147104
12.606998388269625
12.573916557660107
11.7979755806504
12.63748771864763
11.867668879136453
11.778040205174639
11.97407876120229
12.620790305607885
12.042908080135629
11.45545606156734
11.861043136678795
11.85758243142576
12.879556612755536
13.456175672797196
12.521553559095798
12.800802339001578
12.562790530880903
14.333580068686288
12.807313753783287
11.404037028615743
12.027570099735062
13.572590278840085
11.431966540877026
12.25939497531172
12.322082802058105
12.554818047329785
13.496630596788673
12.748812682265987
12.611841547117915
13.648037129817551
12.914958129748873
12.481921108027969
12.255858219195362
12.431789568564612
11.837712298787583
12.334367950760914
12.263659302770279
12.148451347846507
11.801577863736986
12.033861313783348
12.700647600250871
12.523028649135215
11.690885964889189
12.13806522525413
11.947428952719653
12.831619385818314
12.392086791031248
13.075320298849068
12.776310455388428
12.455562524488018
12.9807802050944
11.971836297358834
12.717926935678124
12.673044578195693
12.244335721755814
12.731041205635915
12.167841535944175
11.40536062093725
11.979976180907574
12.23976242263647
12.077224423748984
12.414995383991025
12.291841515757199
12.03114981274465
12.190845620703428
13.385899388579492
12.475176526372133
11.520765160300348
13.060206804347201
13.158352609451262
12.039868016886796
12.127451825295926
13.115850644901485
12.14618355209996
11.326806490520564
12.085386793963197
12.148729309666683
12.41504202307679
12.091283659450253
12.720867291376805
12.371977923821495
12.1863523993004
12.202556238875944
12.292976119966461
12.006607228433149
12.23100137714581
12.979800214237661
12.47855528583997
13.859576393714667
12.561857832061957
>1
12.630215985698946
13.749871503499595
13.13401751859211
13.24605451189565
13.404732049263338
13.19012452525083
12.89429700481043
13.492726367831795
14.238152427553075
12.998982284353318
13.085290978174603
13.51777385548161
13.21015192298006
13.729021762317325
12.88364446806009
12.402458038633819
12.045896841220445
12.3326005807615
12.483064037946663
12.956135748193788
11.814459585398714
12.5420125623256
13.836779015356557
13.085906078363449
12.352076378160556
13.435571125205604
12.221584751699174
12.65788966976683
12.223725417098596
12.474462615947605
13.316149512693107
12.786025187782553
13.49585481069247
12.650164157359045
13.005189609095995
12.768395202032236
12.62027828134918
13.059094405083442
14.132998257107017
12.658130260279208
13.669846049473199
12.01429347078323
12.820096334593085
12.36754829535161
13.345092604988787
13.267772338411625
13.638757183445547
13.33678521133484
12.744733405410024
13.201921032539117
12.491017967636317
13.176054952921966
13.628725166424934
12.672826737621516
12.733823011796828
11.588438836872857
12.78146048684159
12.834058232815394
12.788933431089953
12.368852675394637
12.514143059842745
13.113700822492572
12.432496944980839
12.92573372867865
12.99134201351608
12.547713764368444
12.822559449784897
12.281661827769584
12.594606232576067
12.680939163602044
12.65982307297466
12.500419499614637
12.294928793574092
12.763155739297988
13.433675173705515
13.059846574400142
12.156230599561558
13.34543616013278
13.36032560522582
13.674749221547284
12.23937033341561
12.744791369182519
13.386791369865746
12.863377508065328
12.76245200367755
13.556279934441415
12.56373806919035
12.567102575413168
12.477944457734777
12.829243946642281
13.145031020057273
13.007537890194087
13.132090888568653
11.939757349966632
13.150634158583225
12.560628830207106
12.210020048268015
13.256992140027338
12.649506638508893
13.920348753908616
12.79202802770331
12.478026368386777
13.537846898665418
13.325994575700078
11.34329330495635
12.585184860092985
12.898880199659155
12.233901272370083
12.698806728876285
13.567723358502363
12.480071124651396
13.411318227311316
13.160414193100555
13.099485026744478
13.1474073963459
13.445739644121844
14.876624069465402
13.114067579181865
12.508919328618864
13.541654383926419
12.804971105516262
12.222403751872589
13.52949866837814
13.389618692139745
13.288127751104662
12.493935629854969
12.622025443119634
12.212095119418535
12.388932023030641
12.531434994324332
12.721691141230655
13.30550069213289
12.812012587462714
12.341575464250099
13.140475236740254
12.291511676410911
13.74709475112515
13.243762886477677
13.645616145324258
13.353973088323828
12.935805042335359
12.595876243446577
12.428323548296243
12.246630494421307
13.17173197639337
12.96274350139815
12.229063382951384
13.515968523025608
12.748728544051884
13.43864362331806
11.821106733423218
12.183079877761008
12.645242054440311
11.835801582717407
12.885741071375216
12.789577138190436
12.69690871772789
13.154748982924602
14.374372201730395
13.328263335971272
12.532349987888127
13.096429351870515
11.717611852887226
12.064429821353823
14.39283255994782
12.983260963079813
12.371775902915374
13.359171123414997
12.946571619942638
12.96572674067944
12.277041027142161
12.928431000518637
12.304056276632268
13.308165797600735
12.436432420765655
12.84626280772377
12.711294095790372
12.565817346161985
13.285782108903666
12.202711135668007
13.305610890757581
13.841607467521133
13.250267178559772
13.346370193111682
12.431412377995033
12.914316570483187
13.04904585241805
12.833492579712596
12.99503910817841
12.77494933749904
13.305251156726019
12.634806593829282
13.463399772888339
12.736352813333639
12.424360460005554
13.558541775923654
12.621921352066794
12.736867881027544
12.719528375297417
12.790054914623505
12.398319813165578
13.859050901127592
12.626987573391023
12.60837196385411
12.837450795926426
12.524245595897526
13.535612008789622
12.333818584803435
13.062938750534427
12.67885803753445
12.784477018477425
12.664852133522011
12.915704414177515
12.560257183977734
12.986032412873083
13.56417369507529
12.257780505986348
13.268695123829277
13.097027234116949
12.253429910635393
13.545666951318456
12.816367563737849
12.096627826986516
13.080171565741406
12.93899947491686
13.225365727442007
12.698178147428438
12.509089677527866
12.90415543188501
12.083073130514599
13.115162306032659
13.087123801737613
14.208750597597481
13.981091143515611
12.243325139641769
13.284135182908212
12.58058109870458
12.917544839230226
12.219764548642415
12.393647918761948
13.686064875110967
14.054983210945586
13.450361949181229
12.748058141285233
12.953882790016117
12.538961342048703
12.252725944579764
13.650870869177965
13.176453566318793
13.431752203896234
12.977315775860502
12.281730613777917
12.750241912624984
12.98972495743578
13.425742268495327
12.981950077969557
14.134087770306904
12.414470235796387
12.866071167453029
13.371117111348026
12.515036193007983
13.334029309244553
12.644440781981928
12.619156899821125
13.49528527181452
12.04853693027731
12.396391112921439
12.627746069837507
12.72438264869601
12.615725026860368
13.597922569156443
12.799204807862818
12.62458748043161
13.740035208379874
13.064494393771612
12.739837526564648
14.278663637059879
12.898317710287456
12.229188892680375
12.891415060195943
13.119804840495094
12.711457638892801
12.477179582812596
13.042122585842945
12.77024736225162
12.99429225186868
12.20584786474013
13.101294712093015
12.719240357097542
12.65266414203167
12.751237791685726
12.534349677383124
12.527299568663793
13.83908335818072
13.773199123297086
13.23705205571937
12.067521266536922
12.506192891702693
12.71641937547528
13.43857830968765
12.693686445152519
12.609689915638919
12.942238407607114
13.28825617560583
12.763853358561255
12.593417634288148
12.79834242999558
13.06919725286003
12.127155758795947
12.508675453394636
12.571658802378453
12.768331647288985
12.520698043403737
12.532101313866841
12.503271882068525
13.065946958981614
13.900698290581081
12.85444058341515
12.581861273910006
12.444515614584535
13.701758572126403
13.735578081272608
12.828110571882986
13.48668288052977
12.704211764284702
13.744068570352578
12.784019020346461
13.6664471059924
13.507526403240467
12.75277154027908
12.406645300481818
12.909425118882842
12.85262464956498
13.505986091756704
12.848585075394645
12.683117557198743
13.220600775093903
12.826326346403253
12.633648240889668
13.98882363171946
12.441829708619593
12.515629545283529
12.01277480898835
13.594050641945502
13.706660896357985
12.658646124745887
12.704045223716426
13.610538319031019
12.757461467820582
12.438478054841573
13.48937805134061
12.675562742366784
12.63866469625283
12.677900210262477
13.330710051162338
12.657906041293623
11.654124352795911
12.845235984975284
11.818243960972106
12.98160179328413
13.011593141873112
11.975369117660655
12.542503970441894
12.961643340508063
12.732452530612264
12.593870514664705
13.580404995754979
12.302152569799427
13.286916056486083
13.03483771210045
12.931764630525686
12.995391565400336
12.424865180731198
12.98600765759265
13.191737666670214
12.870235913402475
12.6590397030318
12.509219774269331
12.292403000683771
12.589257504776112
14.325975356148978
12.28071071547195
13.29916610836953
12.56032019235471
12.670481616990457
12.541211937339048
13.474951042570767
12.807618597437683
12.195436318552343
12.228573973139154
13.200713645409783
13.586908978712595
13.480933120247258
12.901284477736148
13.439289349737166
13.595109862470432
12.466658261827154
12.682203121896194
12.28065977988588
12.46175037539951
12.83412694426334
12.99371977643979
13.146755763322664
13.822211256918669
13.49748573343311
12.63329885973988
12.118893460232123
11.927833559414243
12.70734490390675
13.228201408208568
12.807321756697272
12.840325993265907
12.770385857909066
12.778512695478618
12.025174122337067
13.698670267387708
13.278208049607867
12.706033253796216
13.005733985876264
12.240608706237197
12.286439432463679
12.717939926978818
12.814634334083111
13.173832326427393
12.830216234621522
13.030473840371847
12.231192666752127
12.261678910471131
13.294241117837355
12.775454460273597
11.719357444800542
12.905181848704176
13.3718770896661
12.492198151542834
11.960550176394785
12.572340257280603
13.256030328259788
12.354211914266045
13.2520710855223
13.210586110738133
12.45708014763127
12.885776586954417
12.758986670233442
12.821433140931584
13.548031368869829
13.49655188442154
12.50593364625922
12.612638349249968
12.43718034215251
14.453164249878553
12.946502131721214
13.109002278993401
12.39987113818967
12.600278760575705
12.909506721823599
12.232592385558553
12.984928917941136
12.81393201135211
11.753379554827522
12.684324455733709
12.990851719697934
12.742452465100047
13.477499531358749
13.843208256710534
13.45065771253855
11.939426599190297
12.428053778562553
13.483700029271208
13.61105484620111
13.566341315064124
12.709541737800357
13.945331016037159
12.781297054247183
12.67364477377854
12.834074253549659
12.657570516259684
12.785641864847369
12.960775092605035
12.777034007745874
12.58759778793113
11.954723467250252
12.084750102596438
12.86754058708293
11.833675567411053
13.148108797125731
12.96185790424198
13.653015646095486
12.385587089884432
13.259360463827427
13.148578590391734
12.824881089746198
13.862341286343266
13.344869952552298
12.705298301609144
12.691594309924914
13.214225757902907
13.534129040043082
12.612345033391172
13.96377758797008
13.902113044177883
13.955635959628463
12.79190334705389
12.71633392776637
12.222473491701926
11.986317254337413
12.585500149872502
12.769589070268895
12.740847324551337
13.658831681117501
13.218160506652113
12.577348074279463
12.123524489183861
12.927605632253169
12.553529595372114
13.08023267505028
13.097770687070035
12.801836181748815
12.205371650637494
12.072957981697694
13.19216773272151
12.731363639708684
12.65649245089583
13.005065979490656
11.84967126377072
12.365737935918764
12.867703297797686
13.158329010025895
11.640369026077844
12.176061826855035
12.621021463650989
12.471224346613184
12.798578449120342
12.46274102719212
12.72320938746441
12.343194832588678
12.498586616570119
13.008331127667022
12.735025380284336
13.104667087702818
13.161193382148841
14.037743461648553
12.591107001698331
13.405467013059406
12.763694759381993
12.38505065833774
12.711243835593496
12.745374939935324
13.846013751335349
12.37397978311591
13.0568879963289
12.562171926543359
12.948869188492885
12.997729047568836
13.43742741929904
13.001062547908328
13.135989608487938
12.570940256059705
13.87223983031232
13.732142577437761
12.472731978675554
12.419673285440348
12.96395956638624
12.373098559921702
13.129420320014619
13.825999392892093
13.559410283455422
12.868558215655435
13.247171301735573
13.439421365237132
12.471439591304721
13.299082076353216
12.012973823409048
12.411686466984184
13.437523244658324
13.053972277723728
12.590625855900685
13.944452801771392
12.315841639143871
13.259818816402538
13.285409826621898
13.004054556288853
12.804887276699434
13.206258853708105
13.537812255874591
13.515152102759266
12.822274026526868
12.524961766601495
13.069368930764373
12.452385809222648
12.645605967306334
12.393214031990064
13.00654231862024
13.082593238032095
12.868299048899608
12.645072944596915
14.136503697681093
12.520894071239665
12.367396548647068
13.656895340347507
12.456863728680384
12.732584210943894
12.924402887523085
13.396972162493844
12.40629446415142
12.660099773675823
13.360527363224598
12.40859706594487
12.925587766797085
12.743402446205668
12.54980103464436
11.209012688568775
14.301377304524229
12.905196088358757
11.978963066546923
12.922617311134452
11.962921328939874
12.016405704166992
13.107392257472616
12.82975513126391
12.772897060623434
13.060932065317548
12.562302006011107
12.326779520055664
12.737332169487606
12.757870793572689
13.53617224517583
13.11386876928346
12.602479787227674
12.115733266490471
12.164951099634294
13.156164379037772
11.887755186249896
12.763843780839784
12.202862548917565
12.252296566612808
12.578518432712578
12.433983138863072
12.84462618265508
12.489183774823061
12.372470388935271
12.47237194395833
12.367494735815136
12.927738412466049
12.419412311943292
12.589035891108356
12.563935046927556
13.261322264971708
12.900839895586104
12.524240458505227
12.18738562536961
12.768318972088998
12.584267985777707
13.586421343615987
12.63848520079289
13.248825112192606
13.036378693201284
12.561196963251799
13.303720590185186
13.87024952053265
12.424360566605229
13.398997056925595
13.825385399161934
12.20276674639415
13.445122235234248
12.4819852692017
12.743747439828232
12.058009378334466
12.228247219124823
13.304807636657333
12.526175888743847
13.393071071018046
12.300600641867737
12.412912808349912
12.802194889488343
12.43010310857644
12.631230389959828
13.111405880971757
12.727043419169815
12.851667559291593
12.668665757798784
12.171833072502547
12.485621762008975
12.393516347321883
12.541164830349162
12.531616213426581
12.110529320612631
12.74072825402616
13.035226583372646
13.051835972885524
13.245359884136118
12.466137484234125
12.212331607407668
13.838687849568615
13.473131484670342
12.45946296552808
12.703834607582742
13.255499262430408
14.047579594785264
13.36635808671878
11.700044032455555
12.889636484665795
13.004765419673069
12.629932304659622
12.903615010806824
13.422688885439142
12.687614846558303
13.61482546544478
12.666935477108902
13.580112603548406
12.914199378060976
12.666866341131144
13.48183015933155
12.693996246966643
12.360940026691695
12.091165412584889
13.193027017258252
14.009042610830003
12.428519874073917
12.93451182114849
12.600674977390135
11.864919740492889
13.0830032458401
12.6802985198653
12.5164865040198
13.03358149073336
12.845428480334432
12.793419381178705
13.048815262680366
13.302220904155636
13.176791500993637
12.909972899864561
13.427346094731758
13.607802717986727
13.704022487749196
12.043085454734108
13.375359847045218
12.971964911520253
12.683220719095011
13.343738219412977
12.332972548645936
13.098184139219327
12.231072438488702
13.574677753374024
13.17544408759393
12.582272213785762
12.112905458852067
12.25315704877445
12.664919294153197
12.676613606917451
12.637472525822666
12.29252621457175
13.77512786554459
13.176604414254914
12.871209746396067
13.331173555854683
12.743621237633358
13.211462692298905
12.499978716093361
13.164053209973645
12.172024335228969
13.919264959485313
13.011377788620885
13.067312237818625
12.472764728798548
12.849897839968257
12.930897723343644
12.146011365348397
12.203184232437465
13.963188060280146
11.891773452912235
11.960467932578995
11.749264254657556
12.167769854041035
11.872750445523387
13.52443029911281
13.093896752173011
12.02572755965241
12.027701344487944
13.084764236673735
11.927828631048806
12.050774120717296
12.60272574127089
12.020230361006051
11.915895793450908
12.879074004684945
11.944836140827316
12.215068794454874
11.951241363077242
12.374580189237408
12.845143653334878
12.263194202800408
11.761813516836817
13.029658715997499
13.676482095075524
13.072745324106148
12.294683631233788
12.463720189258716
11.617284048231191
11.768790459702288
12.288944056612046
12.452064064732836
11.780724801867203
12.79611823695006
12.09964281843202
12.359008067415331
11.592525949326564
12.498303973634288
12.824889444569566
12.162319211225244
12.452221658669286
12.838444224301048
13.404362153439555
11.49545168771727
12.033544906528627
12.138164008472243
12.262260018828693
12.515233970749986
12.259578152376541
13.428153697564342
12.413281385610722
11.56083317868704
11.750585141061643
12.730992856076565
11.72937634316894
12.037404059830177
12.783929469350486
11.934435714019484
12.900515660219472
13.394726497955002
13.102365663355132
11.71336037052637
11.38304970691595
11.552451852370519
11.614623277693841
12.310382175081754
12.113263980354839
12.362054054049855
13.254824837457486
13.362195897334699
12.822098202222692
13.030208734472346
11.975413613074739
12.73088245839269
13.154549019055978
12.774055975295939
12.353164837709485
12.693344467320692
12.79608096394193
13.444781832816266
12.980791361075473
12.947917509078655
12.601415613655483
12.946768315830846
12.271157497346493
12.737556471118648
12.360962177345378
13.527083342522378
12.852206683413515
12.044305818755163
11.625759959632271
11.938825262125475
12.062489418454167
11.286557916453528
11.5478824324951
12.62947059822142
12.617666131662364
12.092791718544456
11.93205608647222
12.951358150979111
12.121456743374843
11.74954145931944
12.954257562126866
12.388395118245935
12.298826098100449
12.16530838061472
11.604090733554765
11.637073802352358
11.75504788767406
12.773784347592276
12.337487862735545
11.778418707415776
11.839416802406811
11.253954264338754
11.792541905692318
12.03444552387491
11.619657059113097
11.400355159424917
13.384865333905262
>2
12.499658635185417
12.981603017869116
11.88785289587031
13.396964452538315
13.606221822625132
12.329457973656401
13.476573588961099
12.472412376110446
12.879610836894893
12.352524879869023
13.343367086081852
14.164397390449484
14.200953588761958
12.626243626101319
12.352955748536722
11.952317174403799
13.37432154285798
12.931927225876672
13.662048885961443
11.795339156782719
12.758295011315239
12.274388649549005
11.812863623476597
13.683908783497355
14.504405178609165
13.410334490348797
12.644656875947867
12.560342454338
12.940933694041709
12.098859112818507
12.569407842926752
12.591209975222688
13.51853730583143
12.772145102962495
11.92837771443903
11.688494014875614
12.530677164591957
12.329476091127924
12.618352569656397
12.788153802559863
13.877971143461734
12.334624823632922
12.891239623632078
13.082900613041371
12.403157300739487
13.632168918829226
13.024967624662294
12.691140587775111
11.596572852511214
12.629270517541878
13.823209889182774
13.036118066535238
13.705064631426785
12.426434529748033
12.439675218257763
13.794801579816923
13.243132260587156
12.424549034704098
13.315575604531702
12.211880803463314
13.213815447900672
12.003064279353834
12.866554430055524
13.167487766553444
12.765310953165605
13.048793833283765
13.207310470987554
12.669982582825275
12.218653474744164
12.43210101929945
13.201990020998165
13.114729550009208
12.442466122250108
12.207426772225965
12.5948039978611
14.009419784538812
12.84411589233907
12.634234194906075
12.041066072580378
13.355373944393463
11.89016974301419
12.667588395150263
13.532695017475799
12.473405969366572
12.693027176072393
13.475573459783769
13.07172829260434
14.128112607037666
12.02347123216202
12.439520938591203
12.776050055265678
13.099145130270017
12.391006648842774
12.209481029260184
13.23957868227273
13.067715337923408
13.023615426910398
12.498895830794364
13.204872987710585
12.265065004935575
12.451599247503513
12.985534904554436
13.497851975946412
12.12060307487134
12.45182579541437
12.495945806600234
14.075040682769307
12.600828561581734
13.617539657466114
12.979265886242938
12.67188226912032
13.16812562679771
12.6424576761149
13.52214941146986
12.866484410177934
12.499699875967462
13.15787575581448
12.325215079684428
12.375987074586426
12.749608452834606
12.697290897503699
12.340096951382296
12.410049600760791
13.153356736565538
12.934964315996208
12.876119650708247
14.152156304535843
13.341894613533155
13.398549338142775
12.479368671246037
13.4385530296426
12.176604832681678
12.260246897182183
13.060668548928582
13.471769549931178
11.863162400261007
12.488330611067761
13.250421098277933
12.904735492548824
11.907060683418763
12.156853540439851
12.859249278467342
12.75653380618142
12.777293089474268
12.686082689872798
12.359657299940261
13.216797762671787
12.55327806806068
13.41046971576328
12.941225237638266
12.5679623572828
13.321758453898962
14.328296120275889
12.830058809001791
12.746430675329522
12.377059597997244
12.76439736184026
12.764710824011146
13.917919141002933
12.650650590730645
12.773704624941576
12.775319922499886
12.544322062317617
12.71505842296531
11.850071235474141
13.391125654763028
12.316077415071469
13.223103691091254
13.35941037602796
12.183670406411958
12.367113263821485
12.934829514121226
13.086334617819295
13.278148757045658
11.919113296997642
14.139398449149553
12.451044954910056
12.558490889571898
12.305206548855143
13.155601417609914
12.563823338878267
13.378633668785605
12.478987914715736
13.031533470710585
13.091781061891746
12.821504086458429
12.370931488591047
12.915762371632221
12.844571602267088
13.209678410083072
12.260639399694346
13.262082389098266
12.796567006030768
12.90545705610733
13.08332504212277
12.897801487272966
13.343915629879573
13.247116688649747
12.535980730072087
12.220636888674179
13.25462768952986
13.018610962613934
13.103955581901594
12.878580881136193
12.77668000845733
12.660766858927525
12.586958978595304
12.787493794119886
12.357372063083794
12.484685497616178
12.761640890958127
12.379741666363028
12.642096322087994
12.817992736761925
12.968135323303358
12.363258199701821
12.749599863166338
12.864384980663038
12.828452167282183
12.240980937806675
13.593011437320087
13.443092335762632
12.517747700613393
12.304454394807307
13.180808720160668
12.123667949992003
12.98349318977948
12.49712907560439
12.952417612032509
13.214710075221944
13.126459895221608
13.321777129994654
12.532245412862038
13.466137150976998
13.409170330231108
12.88650054615391
13.036186194755189
12.549636528593302
12.490685940194208
12.359676508317595
12.32552378181513
13.327973849731762
12.942341834243232
12.551285670777608
12.934220410259835
12.594694203102454
12.266168092103932
12.5792976461431
12.365959808993862
12.79280996346197
12.590882877727028
13.010644454378063
14.234677051890907
12.920471533107145
13.545363974744028
12.114250878896211
12.922855629763596
12.774163208876637
12.984844685559867
13.437370318626265
12.335572874910273
13.162628345832402
12.651041281493097
13.846503641921263
13.508912726279629
12.608700787760762
12.592186417772453
11.7954083685644
12.879363145358557
12.43537949546095
12.92129101358023
12.383082555958024
13.142008559447742
12.820618215580415
13.185113947463723
12.897329219909421
11.928615640693407
13.128941278048481
12.860979600638426
12.779282895307116
13.123328856245132
12.78436946334293
12.793142435085946
13.079645749875063
13.08509868307081
13.485560562978664
12.664032469866426
13.635366671538561
13.354871336930325
13.498860387357404
13.185745278922877
12.490206458508391
13.038463907482146
12.870290857025516
12.681156190040237
12.701264309539008
13.373842170701813
11.997641271983534
12.645532730385515
13.221614422725919
13.97855440923964
12.612564509306358
13.508620849836833
13.284227396971676
13.217455825283013
12.555624962575134
12.02825052144283
13.085532303626731
12.768387206389091
12.866109706704556
12.427884148388719
12.524656931664028
13.005648446183267
12.28404144778659
13.310858362138898
12.414500024879374
13.050392231722247
12.767807077897253
12.655384513358474
12.377970871056789
13.297179070977469
12.925089004966415
13.07898951252767
12.85803490193651
12.432142227680275
12.632683588673856
13.10124762750819
13.452492027594248
13.609690277421981
12.837572839678336
12.816903903681384
12.382311987991027
12.448500124928131
12.168889034987098
12.165094021466496
12.985801091297292
13.392851026961015
13.044865992012845
13.148677376829156
12.58039365730143
13.12549282764793
12.596989211539032
12.128476742356051
13.250506607118485
13.531979490820547
13.579314634503664
13.134271798862512
12.660393777805096
13.604477354601848
12.621043562459311
12.69020176430416
12.48336095374206
12.447503768602004
12.806376946108646
13.078734852988111
12.93491861569995
11.911858578931668
14.035025240224424
13.040594214181674
13.104275251370584
12.422127537063853
13.265560203106132
13.203304712388887
11.765481228703875
11.948909542552602
13.194158296735464
11.878511043919179
12.724189086996512
11.90567282251885
12.768811855333198
13.1871840467408
12.724716044875791
13.133846563726463
13.437155700633953
12.703391657532903
13.343528122275822
13.26953111871012
13.58719924854956
13.46795380482776
13.59554854754029
13.380279257317373
12.408291063364711
13.948215711276193
12.971579247687668
12.699983520112836
12.809024633489967
12.783769239884268
13.750058614704615
12.666879328973444
12.057140166543022
12.895349068184098
11.967082374099327
13.537961604080829
13.608952183245052
11.936860718259808
12.796732351042827
12.805098696895381
12.53753016708252
12.345726889787093
12.947403310130142
11.766576276122423
13.239070914740353
12.884014859073242
12.281298177500982
12.433358156104013
14.735037600683416
12.925786333524115
12.96343293202982
13.000209316408421
13.385610761684427
12.290738528888744
12.442653298097044
12.163685102294851
12.578376923793504
13.824015407903468
13.161667796415086
12.53170133590373
13.765870448944176
13.164853716235866
12.853671738777964
12.888286150551087
12.207640642874129
12.865044032585846
13.570592746558411
13.759192524106911
13.451628718264141
12.709613838983113
12.924801190342219
12.65086722712611
12.736261567201746
12.916717101435568
11.972531226927938
13.020555078667703
13.106711505893225
13.505809318011032
12.619783831227426
13.82541594413909
12.424564782631245
12.980477708869515
12.991124026249404
12.83871570396196
12.421856968782064
13.002079636290699
12.79497913603585
12.77745348494626
13.380130198040781
12.890228475387783
13.127007815775949
12.403208847146308
12.333775213127364
11.891883580998586
11.859995931353902
13.432285970052526
11.649862864075358
12.697502476567642
12.777327025999092
13.035990310618963
12.214928297651138
12.368911649876447
12.26345481500466
13.153800238592629
11.595764664509709
13.019470092279077
12.59112867750521
12.159962970978418
11.654176198524487
13.057691876221487
12.428211530787072
12.895824119690856
12.705385606187305
12.706348215908964
12.264782360020462
12.054215828981034
13.875255802837975
12.999140657022643
13.659154888297383
13.171729511303257
12.098853129137954
12.786372332547712
12.543386896093015
13.069128106477862
12.442170998719083
12.62829448393487
13.674951186065922
13.565891425613936
13.578129492387452
11.352304423034802
12.964040705230978
12.727022989518952
12.634094119596604
12.32862353854283
13.348642700534542
12.467723316779454
13.127166993364451
12.915993839202653
13.853619645719144
12.402506321219274
12.809096356255882
12.375864812558728
12.659204219569139
13.04564933142793
12.897650163209962
12.097874067210093
13.503608778141713
12.476781896789486
12.49830687142128
12.22510137255138
12.980304562753327
13.139867840276077
13.598961806577812
11.666314758820556
13.031695336871634
12.66872012787933
12.513007176538483
12.740565586287142
13.567588199921689
13.353508277094186
11.934660362348819
13.227307089530283
13.269147395748286
12.521646881931517
12.34403003381276
13.554302388930306
12.428122778357219
12.848162603029609
12.572313127749577
12.872409166222907
13.832842959767017
12.772876381082284
14.284558906105469
13.314425740859582
13.028719132463541
13.223172692844901
13.605002769755755
12.453903965144896
13.722200575562024
13.012344926434915
12.678250236135057
13.120825873550078
12.842038942960414
13.017483898161911
12.115294813974552
12.83022642556086
12.393232544770232
13.454607317467174
13.29705325716846
13.38153965379954
14.024605677423878
12.772356146394802
12.993690211060985
13.602943296463193
12.431853571535342
12.981305189875668
12.739940716437365
13.768172020845096
13.319074032980847
13.560220363741198
13.106663596349614
12.481123813649281
12.187906237808377
13.293261721125903
12.941468324394712
12.470440830082845
12.973143321929857
12.060482683606898
12.761529314965253
13.123819772170377
13.469823649101757
12.051417186211113
12.03275917096483
13.44589932836234
11.741906086027198
13.252944180436812
12.121288006778984
12.968481058078776
13.81910249293936
13.387234670940861
13.515441011273506
12.349231283852118
13.456778393526399
12.83893605036501
12.449318759367717
11.977830148481267
12.550811686282227
13.005283952072539
13.887515893075474
13.6108517624207
13.392042318828313
12.462677333456107
12.977100490604933
13.083567361959132
12.458881806174439
12.087794709190849
13.391340860389988
12.283581920425526
12.072775075194208
12.332565735898887
12.38877263584365
12.010161069394726
12.535496090653083
12.810844559165915
12.699738999065477
12.44714090423392
12.102328485389613
12.63271796036006
12.893925849728573
12.598151075489847
12.371121123105263
13.060727257175152
12.51845103988282
12.511024096733593
12.583547056534732
13.43996745677749
13.139115178392442
12.791161984713948
11.86669852734169
14.036608766934608
12.703506769948914
12.43119394730161
12.137255767443795
12.487546323940185
12.229689234423306
11.996212192184924
13.587759885115565
12.402045925332224
11.69481743338761
12.074815645129503
13.020498529687666
13.649684747868609
13.462221234399973
12.187787478468797
13.165429664630611
12.42724926456565
12.794541804658724
12.681707485773243
12.023532726531618
11.843528722224114
13.169131941683329
12.562261749086463
12.630338962453331
12.211423489813004
12.63793231552351
13.809856485541411
12.703661724447207
11.465197350225235
12.71192497826627
12.160937854894541
12.728970019323727
12.204680706929864
12.13608755778708
13.90943686502741
12.90103230757478
12.842320820669217
12.020662696457698
12.496685021508993
11.625493699320131
11.964568299740915
12.677571600359203
12.616638557511138
12.373920956852116
12.278082542492944
12.426522496509234
11.98616614788602
12.318277670254483
13.200920333526204
12.798320105445015
12.33649166041565
13.267601458801808
12.808469774757132
12.578599504812024
12.827049876184443
13.193252667701033
12.859683091013762
13.290213410618577
12.850206055537042
12.432285502088462
12.093878305325097
12.161462643336666
13.255421144250446
12.983948689912072
13.541258547616243
12.86742708534038
12.444582389974144
11.715438241343577
12.519196165695433
12.173243972757355
12.006995447688848
13.121300984713137
13.248913390583583
12.703409727251875
12.336701095672701
12.882585144940773
13.13396522487356
12.218311012318749
12.673470975125355
12.581034975201868
12.111843364555833
12.862068556997738
12.747886346835024
12.333766996436276
13.511503775952468
12.732222722668007
12.510110900202452
12.242772140292507
13.222229443552553
12.974698596230796
12.39455192971169
12.029293858614375
11.567597269148505
11.886854441221976
13.440483793330774
13.077354946716227
11.341211006547177
12.631882300931508
12.115787670280794
12.328491345661188
13.510502967969678
13.301698399413073
11.939340954756101
11.778647819292637
12.806251072093016
12.18831896973007
11.971872841737174
13.492515054281009
13.573679165254608
12.774189810082316
12.399012962167197
13.042906175561424
12.271373486402657
12.066919308314873
11.539777721073394
12.863192848682537
11.783983635851486
12.779101228992458
11.877050707593117
12.60548189762096
13.332338170841442
12.152314737984838
13.269480339128268
12.624902913443428
12.000726417243467
11.793711855401378
12.523886742903846
11.45648295260826
11.752730401470787
12.317706682446515
11.994890600665554
11.89558572260486
12.200590274687663
12.109461264070436
12.315487387685751
12.45683369320436
11.968391317132504
13.052501326768866
11.959880870410705
12.552696996659481
12.802267996351503
12.283940742688788
12.81871758825215
12.457162627386253
11.56593894797693
12.392574021220614
12.497814011945847
12.57496557390128
13.070699493800875
12.073243968333214
11.699961114070442
11.975281804134923
12.639587931926618
12.462505462889627
12.745852482957778
12.294888823311641
11.784856233214663
11.881946917554885
12.579035847404116
12.834467794046658
12.484151698932319
12.141514397551465
12.107738133952932
12.117665649574873
12.097569753005235
11.673693553488445
12.201981577843242
11.733545512168758
12.51870183373165
12.950005610434234
12.197951065348862
12.807279128142461
11.400988379322529
12.890797045240564
12.708713822679066
12.500614546682149
12.015649434914973
12.500105540649251
12.11636167961365
12.209785103336927
11.851813848835974
>3
12.144432936274562
12.573312358347751
13.87961011654282
12.704810588349842
12.716784425799494
12.983501690647662
13.500388921831789
12.963592298334309
12.092931288663458
12.776169348892449
12.667622311730154
11.570217866956499
12.40333629657747
12.297783168090511
12.319194880554395
12.288407839621076
12.435695753724781
12.485873240723421
12.229550559522364
12.477246432136305
12.678130566258984
12.19063470477665
12.745381193182116
11.542509508594344
12.156136758055375
12.999608602473838
12.137008247034487
12.026027265664808
13.538062068077446
12.345150852723135
12.360705572940734
11.938491765190259
12.250745217484138
11.47815287403385
12.370242254895873
12.523306359323067
12.332793601770625
12.132129254399096
13.318400558488
13.943760074592268
14.268816174901199
12.265836912006712
12.869401261222345
11.756616748393
12.56972373147106
11.893350888888268
12.614753546355093
12.51184657610852
11.426869711509722
12.37117888382876
13.26206870220725
12.165807276799443
11.586083492956135
11.833250427572974
12.828841617814515
12.942185888087778
13.36443880187672
12.580201400365269
13.666418165860998
12.286156213242144
12.630571564492715
12.071810594529806
11.876434809904815
12.777517387994653
11.978833519834609
12.347693843894591
12.33681136647278
12.487493231056803
12.308050792351239
11.799373137638945
12.126258381381179
11.811417196298057
12.592730097718942
12.604996535127258
11.960044158823905
12.001699381518467
11.414070325048646
12.212631385660687
11.852609261193132
12.817032964513759
12.187874109542843
13.002513401766665
12.740575967379522
12.52113164558278
12.647911528503101
12.728766386259986
12.343262457499314
12.280651425057435
12.672034719974775
12.480087826905338
12.569654848691814
12.435864174038011
12.796611497266717
12.434992346311944
12.254074969581279
12.11846535855993
12.321132584993885
12.728612921456362
12.30836990731208
12.332944676693188
11.412449680363135
11.675392474442285
12.688443468250858
12.867382886203634
12.157791379300663
12.5134703081664
12.174859341379863
11.292275987363745
12.863413239771258
11.759601200220112
13.761328082047935
11.816275232925097
12.673697573611156
12.845826637237977
13.400920531306186
13.060158324462808
11.829133136223867
13.243836980031363
13.10377123958175
12.737392123148174
12.324772276463776
12.144156895052912
12.63788348560669
12.154170242058063
12.930573198460838
12.040275050153216
11.78216612666679
12.542707975089892
12.45721063031704
12.626794162257928
11.598890634480442
12.245110753077405
12.257260907456763
12.620286456643584
12.094948180011714
12.200238506347338
12.911786326367952
12.95863468086041
12.518885771576555
12.996465747892483
12.468469369690087
12.455208907691054
12.546527597058263
13.037901971943374
12.133203005168504
12.541621986859987
12.410907820245201
12.177240720977968
12.879213055794226
12.739778596596784
11.705495943550309
11.847823821761901
11.97432715486349
11.957886714669252
12.491609280411618
13.132193494957908
11.44025647114111
13.923386095832148
11.801691314552825
12.645211417481393
13.100127287102094
12.715294777966358
13.112222046970732
13.069760703874895
12.109031335941362
11.714125471018574
12.750458095490119
12.16335758357898
11.76116011624695
12.036397001567918
13.02715109720467
12.822300111448598
12.777668852308802
12.837507121761636
12.716897924339982
12.19842054877723
12.255976347121477
12.784655005184414
12.159858975003143
12.54364486009542
12.049008699131448
12.15277157579467
12.25647577471168
12.217878153880228
12.560842234894887
13.002280344436771
11.79120821560912
13.695900158422154
11.983368721328066
12.224838560120771
12.381927072598709
11.994597860211387
12.57676566198705
11.290126728283893
12.016745541751595
12.803965459472037
11.905742649886857
13.505385300803521
11.84963103375719
12.833731658520543
12.10264367575651
11.89175983119678
10.897941365421435
11.67355358149491
11.840582870221192
11.995094434151772
12.166374340885964
12.291081263995359
12.501183131726869
12.31326096524379
12.368815088195635
11.75572278908877
12.104829991209142
12.881881213370873
11.985791749529886
12.008567064073555
11.310797260870306
12.722614764401515
13.474981072602828
12.221540014028827
12.53269255917035
13.006493021294224
12.050657627963696
12.24941503379616
12.086207179698432
11.906795774791252
13.068656080642903
11.521395266146055
12.382635047919381
12.426755217875174
12.761441704702351
12.226415691640199
12.755548501096714
12.358026378388272
12.450097627083464
12.631110657814975
12.943596212130478
11.795262235223166
12.734283325213875
11.547657790893151
11.64524921446568
12.211415122186573
12.465137396138504
12.360667156823018
11.43879375637517
12.462303673645655
12.148142706735426
12.525979130762245
12.566565674253566
11.952979431220632
12.738927063224347
12.066156426981847
11.466022745380844
13.362819586279171
13.493141553969878
12.141640025199532
11.903542914240248
12.344413109265957
11.9014090045052
12.434375153905897
12.773483431790966
12.488720708869598
12.100179197732432
12.92245640439383
12.829866013298442
12.389379768739367
12.26954777965238
12.537639730576638
12.150779793088175
13.207745567384073
12.603049512362531
11.890794769381953
12.794482258695565
11.829983806555024
11.684158051372686
13.214376664528652
11.295461099012428
11.922096029180256
11.930512875596799
11.512161725512241
12.714532045324908
11.457995305184852
12.161484284302606
12.70652354224313
12.684080684847821
11.724176297162229
11.98359970385756
12.80248675118971
12.160761415060708
13.35746274720686
13.427367999136646
12.179737559461387
12.33261481725313
12.78583396239056
11.412156688038252
12.433092013943762
12.924249626613356
12.255544599312794
11.141760045245814
12.133195903541488
11.748429741892059
12.043488347540924
11.747812053652966
12.279252710788988
12.270189943074367
12.614975973934547
12.850310334233637
13.105291796244094
12.875022667449642
11.307917856935083
12.814986772867337
12.837722274129494
12.045572264342512
11.7208781156489
12.960847388311375
12.199503232616284
12.059949808797409
12.231469042872332
11.873603993487514
12.359233682834224
12.731230086602332
11.365090607149435
12.101827648666463
12.497988601978555
11.641303058010209
11.969127754441638
12.440975330084116
11.789002987073678
12.174587091893704
12.279315351685877
11.879947954005663
12.279324919129225
12.005157913458863
11.58138598033935
12.322438675272132
12.683634528859717
11.690786356119315
12.984700230467231
13.303350383754779
12.055682765025022
12.721591395333006
12.343463650186996
12.497383777210159
12.411465839148573
11.94444484934781
12.930031123937589
12.689616471000235
12.313148301198058
12.240438414044139
12.997486405211953
12.391666107566696
12.47158135467465
12.235626337674587
11.738211779986166
12.161671780005323
11.21876697834453
12.511178277313652
12.683047582227642
12.121898422948208
13.630183287118484
12.169977656831067
11.789164911512149
11.977452774311073
11.98807865344316
11.64269624900154
11.982382647109214
12.462625279014352
13.147127673827944
13.691338627443617
12.098472963718372
12.41214435165706
11.834286996452096
12.571245505023128
11.717445697048943
13.593653219138584
12.16422210457337
12.741094429755723
12.565996775746935
12.093158183016707
12.326006845742171
12.460569814745886
12.542726370928397
12.075746410444014
12.151230384966839
12.31961097173394
12.167268909166356
13.549613591206747
12.184270323107386
12.566607172640618
12.348642750841377
11.96958691522927
11.665263102586533
12.998519849176061
12.904249355108531
11.935387038326981
12.575598416691431
11.940441030809295
12.420844138316992
12.079483840307983
12.977525092169065
12.608822708023023
12.89848269988235
11.770173685028919
12.47810595880011
11.582731340255867
12.33164729775538
11.597720336363217
12.097037443616733
12.786467619368299
12.019342068454813
12.08791146965448
13.070907273469643
12.751714127457808
12.725199486450983
12.177212717598204
12.169558673620411
11.730447448294566
12.172916003263326
12.476941307753243
11.899853766189722
12.218160063946485
11.569689273644377
12.852814127590804
13.410965405003312
11.124692949859853
12.301155296352633
12.877106603427727
12.430616468765674
12.705767857219742
12.737861781022431
12.213759685864723
12.165550390546874
11.462136313840688
12.307476476737763
11.866218317754008
11.544653908141447
12.386327776164613
11.96871918420442
12.451779552067865
11.534455119528872
12.107441668362785
12.001468673929741
11.920731813831091
12.764417234396614
11.70672602787058
12.697647707927695
12.381685940388047
11.776978474286556
12.629030804573885
12.395378844792647
11.82917907324743
11.939556204522958
12.768263639804683
13.14702726647534
11.93090316864438
13.400043905969008
12.246866397040503
11.94359993294883
11.859592511221914
12.007048398782791
11.941876566143092
12.44506323009768
11.732317606824624
13.066511275415438
12.072505894460198
13.12185486547948
13.098473196879022
11.344571625395668
12.390397415884664
12.493992619588854
12.78215583660895
12.256220629222696
12.013810712136625
12.548241459734434
11.996369922931345
12.302916258336204
11.556785823410257
11.781598486965038
12.495511093606506
12.138870362010838
12.278641108007024
12.214133228482392
12.37648734580082
13.21227250142669
12.486975969935695
11.951165624594315
11.592519294264852
12.36863672417572
12.32726868619614
13.045108153933135
13.198336740965248
12.290954731769546
13.025822338398617
12.581577130309451
12.066430063660345
12.05670983965174
11.722001385054533
12.086306494764747
11.770297028753108
12.758049202776844
13.321192644489336
11.72365701491677
13.822224031929991
11.986009021267785
11.670744763137957
12.430519687855885
13.884556226435468
12.436889746240649
14.101161337650607
11.71507097856382
11.47846568829576
12.725878725028299
12.496727644475735
12.828743567473316
13.15370580464232
11.712893143530092
12.823627532274465
12.113183432753168
12.3954902692962
11.946145890661132
12.57410390536773
11.162132501546058
11.92309312226793
13.064784851687689
11.804705049404872
12.94562613646072
12.82398972334184
11.500206377592997
12.105899184910445
13.260690483407924
11.473522517538917
11.762827349984317
13.053911504962068
12.195679248833438
12.914473013606347
12.691569892559471
12.41099493702063
11.390693535602026
12.151618197428443
11.93032710119976
12.446889200737562
12.824641272620577
12.207057809569937
12.527936334140785
11.96120702475854
12.501332945542616
11.82129519146388
13.344609498162972
11.993446824244494
11.93655751650914
12.928818016895608
12.673115752155594
12.30206072629093
12.33829464260026
12.077703342057918
12.5158673109398
11.97829850232148
11.669745763052875
12.776572537223354
13.26602548921005
12.693615500714374
12.313745165273325
13.491151008033786
12.34561377486551
12.626497391554087
12.227346776626444
12.506428586090111
12.464743882718317
12.27450522965064
12.1508698516859
12.150677896892375
12.109110071357897
11.993609634488786
11.814165306127638
13.702033732803335
12.170316326319806
12.158394588353351
12.049438934005387
12.088602760122452
12.20866527014729
12.204741651526131
12.762808533715049
12.151010264481457
11.84810564019395
11.075764033847307
13.101012512446525
12.657080252903553
13.596944433798871
11.852038670562825
12.530609533605219
12.068363852364524
12.332113341675496
11.91699310739637
11.738922505259122
12.842562063232121
12.386527090939087
12.414166952294957
12.214919487770244
12.769975925371467
13.754339315816633
12.850485883895775
12.297957308515198
12.109830096288395
12.698652809956073
12.632606422987607
11.723659265192298
11.055887527055964
12.214660120642254
11.576278326968565
11.582229244938803
12.425794985124353
11.907122956173064
11.973292377915044
11.682295157638464
12.860563225279178
12.74265485415109
12.371314607465836
12.138168148377567
13.089338833256653
12.328956438314258
12.042933633910206
12.569269334198458
11.534740784777007
12.960295780149817
12.572564958427302
11.579418740838127
11.160886065364423
13.208732584911434
12.535430224054256
11.98836000642536
11.653318302784891
13.007201862451826
11.966680857958263
12.308117850608445
12.518628963104181
12.178070663679096
12.576556288921918
12.678815016860609
11.678440803978093
12.3985841807461
12.59101779028941
12.391180757177954
12.255053573829285
12.710492057924514
12.262915666579273
12.076872326891456
11.969801294516259
11.871038576095229
11.860672975181432
11.594689228266981
12.189257704310835
12.159261959746903
11.672768080896336
12.323016050321144
11.891182385614787
13.447991359594162
11.964727432726741
12.150116167392962
12.024739493425766
11.742061969708246
12.285844944124502
11.730164557479545
11.729658693178973
12.161809501291435
11.980839994325216
11.854057770104596
12.731531654811397
12.46928197435233
12.232097841137959
13.261387294249413
11.923352250048834
11.922528037979548
12.184955886688176
12.834590495861264
12.656988536540005
12.803694108965985
12.416146320999584
12.799450374906305
12.145669784693135
11.751793265097342
13.359025791940184
11.948154969227756
12.231296924997872
12.150012293300358
12.377434494508918
11.772924122358551
12.048196284776205
12.851912038531212
12.096203348382545
12.820524408559907
11.679815838480438
11.848323403455499
12.439812353905166
12.632851442072717
12.913597626710525
11.936647864061653
12.511955950998136
12.649627716299165
11.924841286556243
12.634100956236725
12.147125724171651
12.362796711642964
12.136233140229333
12.600499401265552
12.450873346907489
12.084725439786139
13.264091407004729
11.998216704826946
12.649600707127151
11.809790902884876
12.112326944817092
11.858985044300281
11.729784235029207
12.77761912673318
11.786007137063548
12.36884817564922
12.055223015334368
12.087456569422486
12.923791786665147
12.566097264126032
12.912204889547803
12.525401727099359
12.49222142600104
12.195376574010174
12.822927204057692
11.945527982416987
12.215115999306796
12.440669976852572
13.395151639858364
12.794122427589548
13.423553241879073
11.867180586169317
11.751930934807127
12.591281347282605
11.676871926976403
11.484424414580278
13.338577288225567
11.581514153352442
13.800795502004158
12.511110862437466
12.018585573953212
11.867798573391887
12.441819607394159
12.4292769226264
12.59778674373186
12.79843566154404
13.271074553324427
11.572531920955347
11.621194881198313
12.169595880298335
12.31450831193148
12.808262886793134
11.430986691683543
11.343670014281985
12.881359313342946
11.753191667409862
12.575227705717959
12.91404038529275
12.183206773106134
14.13051895644698
11.753083655939685
12.99509904611184
12.284398025853278
12.41953451266441
13.645689920187932
12.899634880870469
12.623197977027624
11.87300101635864
11.708124185594235
12.7865120805903
11.961746308535174
12.027079953125844
12.925055405991868
12.923881487342353
12.663585835467815
12.06487255278009
12.001188287522421
12.864890341126845
12.281735915281466
12.698321490595466
12.420708412370837
12.118400745529563
11.913672327090561
11.006074360347498
12.738535432674942
13.531129748953203
12.729176614852557
12.867168934587562
12.984419821941827
12.480416044055938
12.009372308018941
12.399810034570827
12.214750093135779
12.783319741685721
11.95862465775137
12.20647657856891
12.057452569032305
12.114844758984516
12.073635458187821
12.211038172953778
12.41001145065466
12.592926146297842
12.25599680303294
12.322550843036089
12.941908735511118
12.331642618814117
12.047111310779265
12.23262399717418
12.267417865637125
12.618360442110289
12.17962489185712
11.181375760952294
12.129995272239801
12.86581795680425
12.325891348739361
11.939851794397963
11.937538426926174
12.033376385349154
11.643100960340591
12.591788580512107
11.73901246997614
12.425434741233348
11.779494900575918
11.821102859795527
12.186778104794344
11.24220742560642
12.145896218480644
12.605810929147461
11.78745629570153
11.81693823635295
11.829938079386483
12.123295526660792
12.409758895920492
12.35894157615172
12.169164802887318
12.460721622804202
11.404175950163518
12.621871702368104
12.14209566511725
12.787343194699883
13.047707327345156
12.372320637266666
13.635528184596758
12.542281785738572
12.502146357562522
13.155709404803943
11.963604403693818
11.916140518719674
11.84190301084661
12.101361884441632
11.823985576116488
11.551907752557296
12.925104500298279
11.59789027722597
12.589827094364107
12.08588796626694
11.941538664906954
12.324253732038256
10.905863335010658
12.832123798759492
12.00027179683556
11.703470361749227
12.29359611287054
11.607526581570935
12.01285007062079
11.283707636381267
11.433780480099202
11.866607165463797
12.49973346369692
12.866189914084401
12.330014576362128
12.764491875952261
11.83379303726844
12.459337043183046
11.779724413900142
12.43761386323523
11.847514448968875
12.257370621593697
11.714263908522328
11.946287599017683
11.879470813566192
12.306097047733632
12.229941393541933
11.657440781643706
12.468813011621146
11.904115513060562
12.029532629140867
12.462832461623766
11.564750922929706
12.33803470429344
12.77260512290529
13.218843164430986
12.437492644597281
12.410183864455584
12.587009676988165
13.550400659633402
11.414357315576474
12.632832658111631
12.399575036206253
11.996406503169808
