#PP 2.0

KSIV_MH688511.1:2-100 CCACAGUUGAGGGGCAUGCUGGCAGCACACCAUUGGUGACGGG-ACUAGGUCGACCCCGCCAGUAGGCUCCUCAAAGACAAAAUGUGAGACCAACCAAG
#S                    ......(((((((((.(((((......((((...)))).((((............)))).))))).)))))))))........................

#END

#SECTION BASEPAIRS

#BPCUT 0.001

87 92 0.01482
86 93 0.01073
85 96 0.002998
85 95 0.01378
85 92 0.005901
84 93 0.004872
80 84 0.03087
79 87 0.003881
86 90 0.001185
78 86 0.0442
87 96 0.0123
50 55 0.008302
12 70 0.9999
10 72 0.9997
9 73 0.9998
8 74 0.9695
6 84 0.001386
4 85 0.7805
40 59 0.9624
5 84 0.6852
7 75 0.6374
30 36 0.9992
13 69 0.9987
86 94 0.01287
3 86 0.7804
29 37 0.9979
18 64 0.9969
46 50 0.06268
11 71 1
20 62 0.9995
2 87 0.7771
80 86 0.003428
45 51 0.05952
14 68 1
15 67 0.9917
42 57 0.9999
17 65 0.7852
86 97 0.009342
31 35 0.9847
85 91 0.0014
19 63 1
28 38 0.9894
79 85 0.04691
21 61 0.9999
22 60 0.991
6 79 0.07175
41 58 0.9998
84 97 0.002839
43 56 0.9882

#END
