#PP 2.0

KSIV_DQ462443.1:2-100 CCAUGCUUGAGGGGCACAUUGGCAACACACCAUUGGUGACGGG-AUGAGGUCGACCCCGCCAGUGAGCUCCUCAAAGACAGAAUGUGAGACCAACCAAG
#S                    ......(((((((((.(((((......((((...)))).((((............)))).))))).)))))))))........................

#END

#SECTION BASEPAIRS

#BPCUT 0.001

87 92 0.06812
86 93 0.05061
85 96 0.01333
85 95 0.06149
85 92 0.02629
84 93 0.0217
79 87 0.03345
86 90 0.0053
78 86 0.1143
87 96 0.05715
50 55 0.001608
80 84 0.07969
47 52 0.8036
46 53 0.6656
84 97 0.01262
43 56 0.995
41 58 0.9999
40 59 0.9624
86 97 0.04485
31 35 0.9847
28 38 0.9894
6 77 0.402
8 74 0.9829
79 85 0.1212
21 61 0.9999
5 84 0.008588
4 85 0.02425
30 36 0.9992
7 75 0.8771
6 81 0.01804
4 80 0.2945
13 69 0.9987
4 83 0.03123
46 50 0.001491
11 71 1
20 62 0.9982
86 94 0.05744
3 86 0.03733
29 37 0.9979
18 64 0.9992
5 96 0.001118
5 86 0.00223
22 60 0.991
3 84 0.06065
2 87 0.03775
6 85 0.002385
5 79 0.3739
9 73 0.9999
10 72 0.9997
12 70 0.9999
80 86 0.03254
45 51 0.001601
14 68 1
15 67 0.9975
42 57 1
17 65 0.9943
85 91 0.006257
2 85 0.06057
19 63 0.9981

#END
