#PP 2.0

OHFV_MW773725.1:245-343 GAACAAACCAUGGAAAUGGAGCGGCAGCGCACGAGAGUGACGGGG-ACUGGUCGCACCCGACGCACCAUCCAUGAAGCAUUACUUCGUGAGACCCCCCG
#S                      ........((((((..(((.(((......(((....))).((((............)))).))).))))))))).........................

#END

#SECTION BASEPAIRS

#BPCUT 0.001

23 62 0.9828
8 87 0.001471
6 80 0.001127
75 85 0.04256
21 64 0.9974
17 68 0.8969
44 57 0.9993
19 66 0.9958
42 59 0.9999
50 55 0.1271
18 67 0.9996
14 69 0.9362
13 70 0.9999
12 71 1
11 72 0.999
10 73 0.9984
89 98 0.0117
9 74 0.9945
7 88 0.001376
49 56 0.1248
1 81 0.001088
3 80 0.003591
1 86 0.0119
2 81 0.003633
25 29 0.004023
2 80 0.00112
2 85 0.0116
81 89 0.1593
3 84 0.009569
3 88 0.001494
4 87 0.001584
83 91 0.04602
30 39 0.9921
5 81 0.001111
7 80 0.002136
82 88 0.1624
6 81 0.002273
31 38 0.9979
32 37 0.9979
78 87 0.03477
84 90 0.04591
86 91 0.1396
88 92 0.006142
41 60 0.9624
43 58 1
76 84 0.05543
80 90 0.1365
77 83 0.05679
77 88 0.03148
83 87 0.1597
78 89 0.1712
79 88 0.1714
80 87 0.1577
22 63 0.9998
85 89 0.03734
85 92 0.1177
87 93 0.007525
86 99 0.003216
87 98 0.003734
88 99 0.003797

#END
