#PP 2.0

OHFV_MT354620.1:245-343 GAACAAACCAUGGAAAUGGAGCGGCAGCGCACGAGAGUGACGGGG-ACUGGUCGCACCCGACGCACCAUCCAUGAAGCAUCACUUCGUGAGACCCCCCG
#S                      ........((((((..(((.(((......(((....))).((((............)))).))).))))))))).........................

#END

#SECTION BASEPAIRS

#BPCUT 0.001

87 93 0.001274
85 92 0.02031
83 91 0.007961
82 88 0.8557
85 89 0.006472
81 91 0.001465
80 87 0.02448
79 88 0.0266
78 89 0.02658
83 87 0.8391
77 88 0.004887
77 83 0.008815
18 67 0.9996
43 58 1
12 71 1
10 73 0.9984
49 56 0.1248
89 98 0.001971
9 74 0.9945
14 69 0.9362
3 84 0.001017
13 70 0.9999
11 72 0.999
81 89 0.8587
2 85 0.001275
41 60 0.9624
2 80 0.01052
80 92 0.001285
1 86 0.001316
22 63 0.9998
1 81 0.01096
17 68 0.8969
44 57 0.9993
25 29 0.004023
21 64 0.9974
30 39 0.9921
23 62 0.9828
75 85 0.006607
31 38 0.9979
80 90 0.7514
76 84 0.008605
88 92 0.00104
86 91 0.02405
84 90 0.007955
78 87 0.005397
32 37 0.9979
19 66 0.9958
42 59 0.9999
50 55 0.1271

#END
