#PP 2.0

OHFV_AY323489.1:61-159 UUACAGACCAUGGAAGUGGUGCGGCAGCGCACGAGAGUGACGGGG-ACCGGUCGCACCCGACGCACCAUCCAUGAAGCACAACUUCGUGAGACCCCCCG
#S                     ........((((((..(((.(((......(((....))).((((............)))).))).))))))))).........................

#END

#SECTION BASEPAIRS

#BPCUT 0.001

87 93 0.001143
85 92 0.01833
85 89 0.005805
80 89 0.003275
80 87 0.8802
79 88 0.8814
78 89 0.8761
83 87 0.001132
77 88 0.004954
14 69 0.9362
12 71 1
10 73 0.9984
1 90 0.009665
7 85 0.003645
89 98 0.001899
9 74 0.9945
83 91 0.007154
6 86 0.004398
4 87 0.01142
31 38 0.9979
76 84 0.01501
43 58 1
3 88 0.01146
20 65 0.9996
77 83 0.0154
2 89 0.01123
13 70 0.9999
11 72 0.999
18 67 0.9999
42 59 0.9999
19 66 1
44 57 0.9993
17 68 0.8971
25 29 0.004023
21 64 1
22 63 0.9999
30 39 0.9921
81 88 0.002679
23 62 0.9829
75 85 0.01128
86 91 0.02174
84 90 0.007137
78 87 0.005473
32 37 0.9979
41 60 0.9624

#END
