#PP 2.0

OHFV_OP037815.1:49-147 GGAAAGACCAUGGAAAUGGUGCGGCAGCGCACGAGAGUGACGGGG-ACCGGUCGCACCCGACGCACCAUCCAUGAAGCACAACUUCGUGAGACCCCCCG
#S                     ........((((((..(((.(((......(((....))).((((............)))).))).))))))))).........................

#END

#SECTION BASEPAIRS

#BPCUT 0.001

87 93 0.001421
85 92 0.02019
85 89 0.006058
83 91 0.007465
82 88 0.001006
80 89 0.003422
79 88 0.921
77 83 0.01156
76 84 0.01122
43 58 1
41 60 0.9624
88 92 0.00116
86 91 0.02459
84 90 0.007448
78 87 0.005639
32 37 0.9979
7 88 0.001581
2 97 0.3239
80 87 0.9197
1 97 0.07563
2 8 0.001207
83 87 0.00117
77 88 0.005112
2 96 0.07628
81 88 0.002799
75 85 0.007989
8 87 0.001598
23 62 0.9829
2 94 0.07606
2 93 0.04055
11 72 0.999
1 98 0.3256
78 89 0.9155
1 96 0.0757
14 69 0.9362
1 95 0.07584
22 63 0.9999
12 71 1
1 94 0.04056
9 74 0.9945
10 73 0.9985
2 95 0.07585
13 70 0.9999
18 67 0.9999
42 59 0.9999
19 66 1
44 57 0.9993
17 68 0.8971
25 29 0.004023
20 65 0.9996
21 64 1
30 39 0.9921
31 38 0.9979

#END
