#PP 2.0

POWV_OL704297.1:27-129 ACCCACUACAGGGGGUGAUGUGGCAGCGCACCACGAYAUCGUGACGGGAAGAGGUCGUCCCCGACGCAUCAUCUCUCUAGGGCAU--UUUCGUGAGACCCUCAU
#S                     ..........((((((((((((......(((.........))).((((...........)))).))))))))))))............................

#END

#SECTION BASEPAIRS

#BPCUT 0.001

96 102 0.00115
96 100 0.8806
95 101 0.9207
92 104 0.754
85 92 0.03655
84 93 0.03968
83 94 0.03959
83 92 0.00231
81 99 0.04664
54 58 0.003879
53 59 0.00916
54 59 0.003842
52 58 0.5116
51 59 0.5164
49 58 0.03722
48 60 0.993
47 61 0.9999
46 62 0.9998
45 63 0.9619
35 40 0.04516
31 41 0.9757
79 101 0.03956
30 42 0.9786
7 81 0.002329
6 82 0.002347
29 43 0.9735
6 81 0.004804
4 80 0.3465
7 80 0.004567
3 82 0.5311
3 81 0.3722
3 80 0.001317
7 79 0.6589
13 74 0.9986
6 80 0.5847
4 81 0.5415
2 82 0.3712
2 81 0.001456
8 78 0.6262
22 65 0.9867
82 98 0.0465
24 28 0.004492
10 78 0.001756
93 103 0.8814
11 76 0.9329
12 75 0.9983
14 73 0.9998
15 72 0.9987
16 71 0.9995
17 70 1
90 97 0.01047
80 100 0.04642
18 69 0.9995
91 96 0.01135
19 68 0.9992
94 102 0.9233
20 67 1
21 66 0.9984

#END
