#PP 2.0

USUV_KC754958.1:121-181 UGUCAGGCCA-GAUUUUCUGCCACCGGAAGUUGAGUAGACGGUGCUGCCUGCGACUCAACC
#S                      ...(((((((((....)))).(((((.............)))))..)))))..........

#END

#SECTION BASEPAIRS

#BPCUT 0.001

31 39 0.004764
31 35 0.003418
23 43 0.9987
25 41 0.9999
12 17 0.02558
24 42 1
11 18 0.2011
10 19 0.2516
9 20 0.2503
22 44 0.9891
1 53 0.4591
1 58 0.002399
3 59 0.001863
2 52 0.7898
32 38 0.004763
2 55 0.07598
2 57 0.002795
30 36 0.008118
8 47 0.9961
2 60 0.001879
3 54 0.06701
4 51 0.995
5 50 0.9991
6 49 0.9999
26 40 0.9966
7 48 0.9999

#END
