#PP 2.0

WNV_JF920758.1:107-168 AGUCAGGCCGGGAAG-UUCCCGCACCGGAAGUUGAGUAGACGGUGCUGCCUGCGACUCAACC
#S                     ...((((((((((...))))).(((((.............)))))..)))))..........

#END

#SECTION BASEPAIRS

#BPCUT 0.001

33 39 0.004763
32 40 0.004764
27 41 0.9966
26 42 1
23 45 1
13 17 0.6742
22 46 0.9974
11 19 0.9978
1 57 0.2675
32 36 0.003418
2 53 0.4411
8 48 0.9934
31 37 0.008118
2 56 0.3532
7 49 0.9999
2 61 0.004068
3 55 0.3102
3 60 0.004023
25 43 1
4 52 0.989
5 51 0.9989
10 20 0.9969
12 18 0.9274
6 50 1
24 44 0.9996
9 21 0.7236

#END
